<?xml version="1.0" encoding="utf-8"?>
<COLLADA xmlns="http://www.collada.org/2005/11/COLLADASchema" version="1.4.1">
  <asset><contributor><author></author><authoring_tool>FBX COLLADA exporter</authoring_tool><comments></comments></contributor><created>2017-08-26T09:11:59Z</created><keywords></keywords><modified>2017-08-26T09:11:59Z</modified><revision></revision><subject></subject><title></title><unit meter="0.025400" name="centimeter"></unit><up_axis>Y_UP</up_axis></asset>
  <library_animations>
    <animation id="R_Bone001-anim" name="R_Bone001"><animation><source id="R_Bone001-Matrix-animation-input"><float_array id="R_Bone001-Matrix-animation-input-array" count="23">

0.000000 0.033333 0.066667 0.100000 0.133333 0.166667 0.200000 0.233333 0.266667 0.300000 0.333333 0.366667 0.400000 0.433333 0.466667 0.500000
0.533333 0.566667 0.600000 0.633333 0.666667 0.700000 0.733333</float_array><technique_common><accessor source="#R_Bone001-Matrix-animation-input-array" count="23"><param name="TIME" type="float"/></accessor></technique_common></source><source id="R_Bone001-Matrix-animation-output-transform"><float_array id="R_Bone001-Matrix-animation-output-transform-array" count="368">

-0.041944 0.039720 -0.389440 1.042892 0.000930 -0.391658 -0.040046 8.190151 -0.391459 -0.005187 0.041633 8.340227 0.000000 0.000000 0.000000 1.000000
-0.037066 0.035251 -0.390364 1.399099 0.000930 -0.392096 -0.035496 8.190151 -0.391951 -0.004264 0.036832 8.340227 0.000000 0.000000 0.000000 1.000000
-0.024464 0.023639 -0.392228 1.604196 0.000930 -0.392983 -0.023743 8.190151 -0.392939 -0.002402 0.024364 8.340227 0.000000 0.000000 0.000000 1.000000
-0.007198 0.007624 -0.393561 1.669948 0.000930 -0.393625 -0.007643 8.190151 -0.393634 -0.001070 0.007179 8.340227 0.000000 0.000000 0.000000 1.000000
0.011628 -0.009880 -0.393405 1.529164 0.000930 -0.393575 0.009912 8.190151 -0.393528 -0.001222 -0.011600 8.340227 0.000000 0.000000 0.000000 1.000000
0.028885 -0.025870 -0.391787 1.198752 0.000930 -0.392840 0.026008 8.190151 -0.392639 -0.002834 -0.028761 8.340227 0.000000 0.000000 0.000000 1.000000
0.041475 -0.037448 -0.389715 0.816619 0.000930 -0.391885 0.037756 8.190151 -0.391509 -0.004898 -0.041195 8.340227 0.000000 0.000000 0.000000 1.000000
0.046347 -0.041901 -0.388712 0.520674 0.000930 -0.391420 0.042304 8.190151 -0.390962 -0.005898 -0.045979 8.340227 0.000000 0.000000 0.000000 1.000000
0.040671 -0.036335 -0.389905 0.325132 0.000805 -0.391994 0.036613 8.190151 -0.391594 -0.004579 -0.040420 8.340227 0.000000 0.000000 0.000000 1.000000
0.027108 -0.022929 -0.392097 0.153797 0.000505 -0.393027 0.023019 8.190151 -0.392766 -0.002088 -0.027032 8.340227 0.000000 0.000000 0.000000 1.000000
0.010881 -0.006754 -0.393493 0.008968 0.000148 -0.393643 0.006760 8.190151 -0.393550 -0.000334 -0.010877 8.340227 0.000000 0.000000 0.000000 1.000000
-0.002732 0.006874 -0.393631 -0.107058 -0.000152 -0.393641 -0.006873 8.190151 -0.393691 0.000104 0.002734 8.340227 0.000000 0.000000 0.000000 1.000000
-0.008442 0.012594 -0.393409 -0.191983 -0.000278 -0.393499 -0.012591 8.190151 -0.393610 0.000007 0.008446 8.340227 0.000000 0.000000 0.000000 1.000000
-0.008205 0.012241 -0.393425 -0.260223 -0.000244 -0.393510 -0.012238 8.190151 -0.393615 -0.000011 0.008209 8.340227 0.000000 0.000000 0.000000 1.000000
-0.007564 0.011282 -0.393467 -0.326245 -0.000152 -0.393539 -0.011281 8.190151 -0.393628 -0.000065 0.007565 8.340227 0.000000 0.000000 0.000000 1.000000
-0.006618 0.009870 -0.393522 -0.387832 -0.000017 -0.393577 -0.009872 8.190151 -0.393645 -0.000149 0.006616 8.340227 0.000000 0.000000 0.000000 1.000000
-0.005470 0.008157 -0.393578 -0.442765 0.000148 -0.393616 -0.008159 8.190151 -0.393663 -0.000261 0.005466 8.340227 0.000000 0.000000 0.000000 1.000000
-0.004221 0.006292 -0.393628 -0.488829 0.000326 -0.393650 -0.006296 8.190151 -0.393678 -0.000394 0.004215 8.340227 0.000000 0.000000 0.000000 1.000000
-0.002972 0.004429 -0.393665 -0.523803 0.000505 -0.393675 -0.004433 8.190151 -0.393689 -0.000538 0.002966 8.340227 0.000000 0.000000 0.000000 1.000000
-0.001824 0.002717 -0.393687 -0.545472 0.000669 -0.393691 -0.002720 8.190151 -0.393696 -0.000682 0.001819 8.340227 0.000000 0.000000 0.000000 1.000000
-0.000878 0.001308 -0.393698 -0.551618 0.000805 -0.393698 -0.001310 8.190151 -0.393699 -0.000807 0.000875 8.340227 0.000000 0.000000 0.000000 1.000000
-0.000236 0.000352 -0.393701 -0.540021 0.000896 -0.393700 -0.000353 8.190151 -0.393700 -0.000897 0.000235 8.340227 0.000000 0.000000 0.000000 1.000000
0.000000 0.000000 -0.393701 -0.508466 0.000930 -0.393700 0.000000 8.190151 -0.393700 -0.000930 -0.000000 8.340227 0.000000 0.000000 0.000000 1.000000</float_array><technique_common><accessor source="#R_Bone001-Matrix-animation-output-transform-array" count="23" stride="16"><param type="float4x4"/></accessor></technique_common></source><source id="R_Bone001-Interpolations"><Name_array id="R_Bone001-Interpolations-array" count="23">
 LINEAR LINEAR LINEAR LINEAR LINEAR LINEAR LINEAR LINEAR LINEAR LINEAR LINEAR
LINEAR LINEAR LINEAR LINEAR LINEAR LINEAR LINEAR LINEAR LINEAR LINEAR LINEAR LINEAR</Name_array><technique_common><accessor source="#R_Bone001-Interpolations-array" count="23"><param type="name"/></accessor></technique_common></source><sampler id="R_Bone001-Matrix-animation-transform"><input semantic="INPUT" source="#R_Bone001-Matrix-animation-input"/><input semantic="OUTPUT" source="#R_Bone001-Matrix-animation-output-transform"/><input semantic="INTERPOLATION" source="#R_Bone001-Interpolations"/></sampler><channel source="#R_Bone001-Matrix-animation-transform" target="R_Bone001/matrix"/></animation></animation>
    <animation id="R_Bone003-anim" name="R_Bone003"><animation><source id="R_Bone003-Matrix-animation-input"><float_array id="R_Bone003-Matrix-animation-input-array" count="23">

0.000000 0.033333 0.066667 0.100000 0.133333 0.166667 0.200000 0.233333 0.266667 0.300000 0.333333 0.366667 0.400000 0.433333 0.466667 0.500000
0.533333 0.566667 0.600000 0.633333 0.666667 0.700000 0.733333</float_array><technique_common><accessor source="#R_Bone003-Matrix-animation-input-array" count="23"><param name="TIME" type="float"/></accessor></technique_common></source><source id="R_Bone003-Matrix-animation-output-transform"><float_array id="R_Bone003-Matrix-animation-output-transform-array" count="368">

0.999932 -0.005104 0.010441 30.893391 0.005215 0.999930 -0.010652 11.544964 -0.010385 0.010706 0.999889 -0.000000 0.000000 0.000000 0.000000 1.000000
0.998845 -0.000672 -0.048045 30.893391 0.000652 1.000000 -0.000432 11.544964 0.048045 0.000401 0.998845 0.000000 0.000000 0.000000 0.000000 1.000000
0.994506 0.002034 -0.104658 30.893391 -0.001496 0.999985 0.005215 11.544964 0.104667 -0.005030 0.994495 0.000000 0.000000 0.000000 0.000000 1.000000
0.988842 0.000517 -0.148970 30.893391 0.000723 0.999965 0.008270 11.544964 0.148969 -0.008286 0.988807 0.000000 0.000000 0.000000 0.000000 1.000000
0.986006 -0.004529 -0.166649 30.893391 0.006146 0.999939 0.009185 11.544964 0.166598 -0.010081 0.985973 -0.000000 0.000000 0.000000 0.000000 1.000000
0.987822 -0.009620 -0.155291 30.893391 0.011076 0.999902 0.008516 11.544964 0.155194 -0.010132 0.987832 0.000000 0.000000 0.000000 0.000000 1.000000
0.992171 -0.011674 -0.124337 30.893391 0.012591 0.999899 0.006587 11.544964 0.124248 -0.008101 0.992218 0.000000 0.000000 0.000000 0.000000 1.000000
0.996701 -0.009565 -0.080591 30.893391 0.009861 0.999946 0.003272 11.544964 0.080555 -0.004056 0.996742 -0.000000 0.000000 0.000000 0.000000 1.000000
0.999821 -0.003062 -0.018675 30.893391 0.003024 0.999993 -0.002069 11.544964 0.018681 0.002012 0.999823 -0.000000 0.000000 0.000000 0.000000 1.000000
0.998626 0.003005 0.052321 30.893391 -0.002627 0.999970 -0.007287 11.544964 -0.052342 0.007139 0.998604 -0.000000 0.000000 0.000000 0.000000 1.000000
0.994009 0.003670 0.109240 30.893391 -0.002613 0.999948 -0.009821 11.544964 -0.109270 0.009476 0.993967 -0.000000 0.000000 0.000000 0.000000 1.000000
0.990671 0.000252 0.136273 30.893391 0.000965 0.999960 -0.008862 11.544964 -0.136270 0.008911 0.990632 0.000000 0.000000 0.000000 0.000000 1.000000
0.992433 -0.002391 0.122764 30.893391 0.002989 0.999984 -0.004690 11.544964 -0.122751 0.005022 0.992425 0.000000 0.000000 0.000000 0.000000 1.000000
0.995973 -0.002905 0.089610 30.893391 0.002990 0.999995 -0.000811 11.544964 -0.089607 0.001075 0.995977 0.000000 0.000000 0.000000 0.000000 1.000000
0.997884 -0.003111 0.064946 30.893391 0.003092 0.999995 0.000399 11.544964 -0.064947 -0.000197 0.997889 0.000000 0.000000 0.000000 0.000000 1.000000
0.998920 -0.003316 0.046345 30.893391 0.003278 0.999994 0.000903 11.544964 -0.046348 -0.000750 0.998925 -0.000000 0.000000 0.000000 0.000000 1.000000
0.999478 -0.003541 0.032096 30.893391 0.003505 0.999993 0.001158 11.544964 -0.032100 -0.001045 0.999484 0.000000 0.000000 0.000000 0.000000 1.000000
0.999772 -0.003751 0.020997 30.893391 0.003725 0.999992 0.001273 11.544964 -0.021002 -0.001194 0.999779 -0.000000 0.000000 0.000000 0.000000 1.000000
0.999918 -0.003904 0.012210 30.893391 0.003889 0.999992 0.001268 11.544964 -0.012215 -0.001221 0.999925 0.000000 0.000000 0.000000 0.000000 1.000000
0.999979 -0.003958 0.005134 30.893391 0.003952 0.999991 0.001148 11.544964 -0.005139 -0.001128 0.999986 0.000000 0.000000 0.000000 0.000000 1.000000
0.999992 -0.003872 -0.000640 30.893391 0.003873 0.999992 0.000908 11.544964 0.000637 -0.000910 0.999999 0.000000 0.000000 0.000000 0.000000 1.000000
0.999979 -0.003615 -0.005397 30.893391 0.003618 0.999993 0.000556 11.544964 0.005395 -0.000576 0.999985 0.000000 0.000000 0.000000 0.000000 1.000000
0.999951 -0.003146 -0.009361 30.893391 0.003147 0.999995 0.000127 11.544964 0.009361 -0.000156 0.999956 0.000000 0.000000 0.000000 0.000000 1.000000</float_array><technique_common><accessor source="#R_Bone003-Matrix-animation-output-transform-array" count="23" stride="16"><param type="float4x4"/></accessor></technique_common></source><source id="R_Bone003-Interpolations"><Name_array id="R_Bone003-Interpolations-array" count="23">
 LINEAR LINEAR LINEAR LINEAR LINEAR LINEAR LINEAR LINEAR LINEAR LINEAR LINEAR
LINEAR LINEAR LINEAR LINEAR LINEAR LINEAR LINEAR LINEAR LINEAR LINEAR LINEAR LINEAR</Name_array><technique_common><accessor source="#R_Bone003-Interpolations-array" count="23"><param type="name"/></accessor></technique_common></source><sampler id="R_Bone003-Matrix-animation-transform"><input semantic="INPUT" source="#R_Bone003-Matrix-animation-input"/><input semantic="OUTPUT" source="#R_Bone003-Matrix-animation-output-transform"/><input semantic="INTERPOLATION" source="#R_Bone003-Interpolations"/></sampler><channel source="#R_Bone003-Matrix-animation-transform" target="R_Bone003/matrix"/></animation></animation>
    <animation id="R_Bone004-anim" name="R_Bone004"><animation><source id="R_Bone004-Matrix-animation-input"><float_array id="R_Bone004-Matrix-animation-input-array" count="23">

0.000000 0.033333 0.066667 0.100000 0.133333 0.166667 0.200000 0.233333 0.266667 0.300000 0.333333 0.366667 0.400000 0.433333 0.466667 0.500000
0.533333 0.566667 0.600000 0.633333 0.666667 0.700000 0.733333</float_array><technique_common><accessor source="#R_Bone004-Matrix-animation-input-array" count="23"><param name="TIME" type="float"/></accessor></technique_common></source><source id="R_Bone004-Matrix-animation-output-transform"><float_array id="R_Bone004-Matrix-animation-output-transform-array" count="368">

0.994253 0.007136 0.106815 18.637810 -0.004536 0.999688 -0.024563 -0.000080 -0.106957 0.023937 0.993975 -0.000000 0.000000 0.000000 0.000000 1.000000
0.996180 0.006871 0.087058 18.637810 -0.005771 0.999900 -0.012876 -0.000080 -0.087137 0.012324 0.996120 -0.000000 0.000000 0.000000 0.000000 1.000000
0.999854 0.010957 0.013114 18.637810 -0.010981 0.999938 0.001751 -0.000080 -0.013094 -0.001894 0.999912 -0.000000 0.000000 0.000000 0.000000 1.000000
0.995946 0.014629 -0.088752 18.637810 -0.013405 0.999807 0.014371 -0.000080 0.088945 -0.013123 0.995950 -0.000000 0.000000 0.000000 0.000000 1.000000
0.981506 0.012967 -0.190991 18.637810 -0.008850 0.999710 0.022389 -0.000080 0.191226 -0.020284 0.981336 -0.000000 0.000000 0.000000 0.000000 1.000000
0.963459 0.005103 -0.267806 18.637810 0.001472 0.999703 0.024345 -0.000080 0.267851 -0.023850 0.963165 -0.000000 0.000000 0.000000 0.000000 1.000000
0.952979 -0.005057 -0.302995 18.637810 0.011920 0.999712 0.020805 -0.000080 0.302803 -0.023438 0.952765 -0.000000 0.000000 0.000000 0.000000 1.000000
0.955979 -0.011642 -0.293203 18.637810 0.016283 0.999778 0.013393 -0.000080 0.292982 -0.017578 0.955956 -0.000000 0.000000 0.000000 0.000000 1.000000
0.971362 -0.009667 -0.237408 18.637810 0.010511 0.999942 0.002288 -0.000080 0.237372 -0.004718 0.971407 -0.000000 0.000000 0.000000 0.000000 1.000000
0.990760 0.000645 -0.135624 18.637810 -0.002075 0.999944 -0.010405 -0.000080 0.135610 0.010590 0.990706 -0.000000 0.000000 0.000000 0.000000 1.000000
0.999916 0.012185 -0.004405 18.637810 -0.012276 0.999697 -0.021345 -0.000080 0.004144 0.021397 0.999762 -0.000000 0.000000 0.000000 0.000000 1.000000
0.992506 0.017670 0.120914 18.637810 -0.014554 0.999540 -0.026599 -0.000080 -0.121328 0.024640 0.992306 -0.000000 0.000000 0.000000 0.000000 1.000000
0.978005 0.017140 0.207875 18.637810 -0.012633 0.999656 -0.022990 -0.000080 -0.208198 0.019858 0.977885 -0.000000 0.000000 0.000000 0.000000 1.000000
0.969280 0.015132 0.245493 18.637810 -0.011783 0.999816 -0.015104 -0.000080 -0.245676 0.011747 0.969281 -0.000000 0.000000 0.000000 0.000000 1.000000
0.969007 0.013746 0.246652 18.637810 -0.011802 0.999887 -0.009360 -0.000080 -0.246752 0.006159 0.969059 -0.000000 0.000000 0.000000 0.000000 1.000000
0.973303 0.013001 0.229157 18.637810 -0.012023 0.999912 -0.005666 -0.000080 -0.229210 0.002760 0.973373 -0.000000 0.000000 0.000000 0.000000 1.000000
0.979120 0.012505 0.202896 18.637810 -0.012098 0.999922 -0.003251 -0.000080 -0.202921 0.000728 0.979195 -0.000000 0.000000 0.000000 0.000000 1.000000
0.984764 0.012013 0.173483 18.637810 -0.011902 0.999928 -0.001681 -0.000080 -0.173490 -0.000409 0.984835 -0.000000 0.000000 0.000000 0.000000 1.000000
0.989500 0.011434 0.144080 18.637810 -0.011451 0.999934 -0.000715 -0.000080 -0.144079 -0.000942 0.989566 -0.000000 0.000000 0.000000 0.000000 1.000000
0.993139 0.010797 0.116440 18.637810 -0.010842 0.999941 -0.000243 -0.000080 -0.116436 -0.001021 0.993198 -0.000000 0.000000 0.000000 0.000000 1.000000
0.995761 0.010204 0.091409 18.637810 -0.010227 0.999948 -0.000214 -0.000080 -0.091406 -0.000722 0.995813 -0.000000 0.000000 0.000000 0.000000 1.000000
0.997546 0.009805 0.069317 18.637810 -0.009786 0.999952 -0.000613 -0.000080 -0.069320 -0.000067 0.997594 -0.000000 0.000000 0.000000 0.000000 1.000000
0.998688 0.009722 0.050273 18.637810 -0.009663 0.999952 -0.001432 -0.000080 -0.050285 0.000944 0.998734 -0.000000 0.000000 0.000000 0.000000 1.000000</float_array><technique_common><accessor source="#R_Bone004-Matrix-animation-output-transform-array" count="23" stride="16"><param type="float4x4"/></accessor></technique_common></source><source id="R_Bone004-Interpolations"><Name_array id="R_Bone004-Interpolations-array" count="23">
 LINEAR LINEAR LINEAR LINEAR LINEAR LINEAR LINEAR LINEAR LINEAR LINEAR LINEAR
LINEAR LINEAR LINEAR LINEAR LINEAR LINEAR LINEAR LINEAR LINEAR LINEAR LINEAR LINEAR</Name_array><technique_common><accessor source="#R_Bone004-Interpolations-array" count="23"><param type="name"/></accessor></technique_common></source><sampler id="R_Bone004-Matrix-animation-transform"><input semantic="INPUT" source="#R_Bone004-Matrix-animation-input"/><input semantic="OUTPUT" source="#R_Bone004-Matrix-animation-output-transform"/><input semantic="INTERPOLATION" source="#R_Bone004-Interpolations"/></sampler><channel source="#R_Bone004-Matrix-animation-transform" target="R_Bone004/matrix"/></animation></animation>
    <animation id="R_Bone005-anim" name="R_Bone005"><animation><source id="R_Bone005-Matrix-animation-input"><float_array id="R_Bone005-Matrix-animation-input-array" count="23">

0.000000 0.033333 0.066667 0.100000 0.133333 0.166667 0.200000 0.233333 0.266667 0.300000 0.333333 0.366667 0.400000 0.433333 0.466667 0.500000
0.533333 0.566667 0.600000 0.633333 0.666667 0.700000 0.733333</float_array><technique_common><accessor source="#R_Bone005-Matrix-animation-input-array" count="23"><param name="TIME" type="float"/></accessor></technique_common></source><source id="R_Bone005-Matrix-animation-output-transform"><float_array id="R_Bone005-Matrix-animation-output-transform-array" count="368">

0.993575 -0.063170 0.093905 7.044018 0.065625 0.997573 -0.023284 0.000003 -0.092206 0.029297 0.995309 0.000000 0.000000 0.000000 0.000000 1.000000
0.989087 -0.064492 0.132469 7.044018 0.068305 0.997365 -0.024439 0.000003 -0.130544 0.033221 0.990886 0.000000 0.000000 0.000000 0.000000 1.000000
0.982549 -0.066248 0.173808 7.044018 0.069815 0.997455 -0.014486 0.000003 -0.172406 0.026368 0.984673 0.000000 0.000000 0.000000 0.000000 1.000000
0.978779 -0.066385 0.193866 7.044018 0.067557 0.997715 0.000569 0.000003 -0.193461 0.012540 0.981028 0.000000 0.000000 0.000000 0.000000 1.000000
0.982242 -0.064085 0.176335 7.044018 0.062257 0.997934 0.015883 0.000003 -0.176988 -0.004623 0.984202 -0.000000 0.000000 0.000000 0.000000 1.000000
0.990740 -0.060887 0.121357 7.044018 0.057833 0.997918 0.028530 0.000003 -0.122841 -0.021248 0.992199 -0.000000 0.000000 0.000000 0.000000 1.000000
0.997247 -0.059536 0.044198 7.044018 0.057959 0.997664 0.036153 0.000003 -0.046247 -0.033491 0.998368 0.000000 0.000000 0.000000 0.000000 1.000000
0.997407 -0.061949 -0.036628 7.044018 0.063275 0.997338 0.036226 0.000003 0.034286 -0.038450 0.998672 0.000000 0.000000 0.000000 0.000000 1.000000
0.991096 -0.067533 -0.114748 7.044018 0.070992 0.997129 0.026328 0.000003 0.112641 -0.034240 0.993046 -0.000000 0.000000 0.000000 0.000000 1.000000
0.980092 -0.074798 -0.183918 7.044018 0.077689 0.996941 0.008556 0.000003 0.182716 -0.022674 0.982904 0.000000 0.000000 0.000000 0.000000 1.000000
0.971245 -0.079134 -0.224545 7.044018 0.078782 0.996836 -0.010540 0.000003 0.224668 -0.007453 0.974407 0.000000 0.000000 0.000000 0.000000 1.000000
0.972253 -0.077556 -0.220702 7.044018 0.073649 0.996948 -0.025891 0.000003 0.222037 0.008918 0.974998 0.000000 0.000000 0.000000 0.000000 1.000000
0.982625 -0.072613 -0.170810 7.044018 0.068184 0.997170 -0.031658 0.000003 0.172626 0.019461 0.984795 0.000000 0.000000 0.000000 0.000000 1.000000
0.993067 -0.067683 -0.096107 7.044018 0.065153 0.997447 -0.029219 0.000003 0.097839 0.022755 0.994942 0.000000 0.000000 0.000000 0.000000 1.000000
0.997610 -0.064221 -0.025486 7.044018 0.063634 0.997704 -0.023197 0.000003 0.026918 0.021519 0.999406 0.000000 0.000000 0.000000 0.000000 1.000000
0.997626 -0.062187 0.029593 7.044018 0.062692 0.997897 -0.016451 0.000003 -0.028508 0.018267 0.999427 0.000000 0.000000 0.000000 0.000000 1.000000
0.995861 -0.061126 0.067260 7.044018 0.061958 0.998025 -0.010352 0.000003 -0.066495 0.014477 0.997682 0.000000 0.000000 0.000000 0.000000 1.000000
0.994129 -0.060667 0.089598 7.044018 0.061392 0.998099 -0.005363 0.000003 -0.089103 0.010832 0.995964 0.000000 0.000000 0.000000 0.000000 1.000000
0.993151 -0.060606 0.099891 7.044018 0.061070 0.998132 -0.001595 0.000003 -0.099608 0.007685 0.994997 0.000000 0.000000 0.000000 0.000000 1.000000
0.992984 -0.060854 0.101387 7.044018 0.061069 0.998133 0.000989 0.000003 -0.101258 0.005210 0.994847 0.000000 0.000000 0.000000 0.000000 1.000000
0.993401 -0.061377 0.096892 7.044018 0.061428 0.998108 0.002453 0.000003 -0.096859 0.003515 0.995292 0.000000 0.000000 0.000000 0.000000 1.000000
0.994123 -0.062151 0.088641 7.044018 0.062143 0.998063 0.002852 0.000003 -0.088647 0.002673 0.996060 0.000000 0.000000 0.000000 0.000000 1.000000
0.994929 -0.063123 0.078304 7.044018 0.063144 0.998002 0.002211 0.000003 -0.078288 0.002745 0.996927 -0.000000 0.000000 0.000000 0.000000 1.000000</float_array><technique_common><accessor source="#R_Bone005-Matrix-animation-output-transform-array" count="23" stride="16"><param type="float4x4"/></accessor></technique_common></source><source id="R_Bone005-Interpolations"><Name_array id="R_Bone005-Interpolations-array" count="23">
 LINEAR LINEAR LINEAR LINEAR LINEAR LINEAR LINEAR LINEAR LINEAR LINEAR LINEAR
LINEAR LINEAR LINEAR LINEAR LINEAR LINEAR LINEAR LINEAR LINEAR LINEAR LINEAR LINEAR</Name_array><technique_common><accessor source="#R_Bone005-Interpolations-array" count="23"><param type="name"/></accessor></technique_common></source><sampler id="R_Bone005-Matrix-animation-transform"><input semantic="INPUT" source="#R_Bone005-Matrix-animation-input"/><input semantic="OUTPUT" source="#R_Bone005-Matrix-animation-output-transform"/><input semantic="INTERPOLATION" source="#R_Bone005-Interpolations"/></sampler><channel source="#R_Bone005-Matrix-animation-transform" target="R_Bone005/matrix"/></animation></animation>
    <animation id="R_Bone013-anim" name="R_Bone013"><animation><source id="R_Bone013-Matrix-animation-input"><float_array id="R_Bone013-Matrix-animation-input-array" count="23">

0.000000 0.033333 0.066667 0.100000 0.133333 0.166667 0.200000 0.233333 0.266667 0.300000 0.333333 0.366667 0.400000 0.433333 0.466667 0.500000
0.533333 0.566667 0.600000 0.633333 0.666667 0.700000 0.733333</float_array><technique_common><accessor source="#R_Bone013-Matrix-animation-input-array" count="23"><param name="TIME" type="float"/></accessor></technique_common></source><source id="R_Bone013-Matrix-animation-output-transform"><float_array id="R_Bone013-Matrix-animation-output-transform-array" count="368">

0.688306 0.724488 0.036769 19.061640 -0.724418 0.689135 -0.017634 -7.394090 -0.038115 -0.014498 0.999168 0.000002 0.000000 0.000000 0.000000 1.000000
0.686409 0.727209 -0.003108 19.061640 -0.727115 0.686379 0.013733 -7.394090 0.012120 -0.007167 0.999901 0.000002 0.000000 0.000000 0.000000 1.000000
0.679811 0.730404 -0.066089 19.061640 -0.727211 0.683014 0.068235 -7.394090 0.094979 0.001673 0.995478 0.000002 0.000000 0.000000 0.000000 1.000000
0.668165 0.731982 -0.133260 19.061640 -0.720735 0.681245 0.128243 -7.394090 0.184654 0.010358 0.982749 0.000002 0.000000 0.000000 0.000000 1.000000
0.654988 0.731306 -0.190215 19.061640 -0.709135 0.681830 0.179541 -7.394090 0.260994 0.017291 0.965186 0.000002 0.000000 0.000000 0.000000 1.000000
0.645552 0.729191 -0.227032 19.061640 -0.697922 0.683976 0.212323 -7.394090 0.310108 0.021385 0.950461 0.000002 0.000000 0.000000 0.000000 1.000000
0.644146 0.727342 -0.236748 19.061640 -0.693526 0.685913 0.220328 -7.394090 0.322642 0.022268 0.946259 0.000002 0.000000 0.000000 0.000000 1.000000
0.652156 0.727526 -0.213069 19.061640 -0.700283 0.685791 0.198230 -7.394090 0.290338 0.019932 0.956716 0.000002 0.000000 0.000000 0.000000 1.000000
0.666938 0.729394 -0.152244 19.061640 -0.717922 0.683737 0.130735 -7.394090 0.199452 0.022107 0.979658 0.000002 0.000000 0.000000 0.000000 1.000000
0.678954 0.730783 -0.070557 19.061640 -0.730814 0.681905 0.030269 -7.394090 0.070234 0.031013 0.997048 0.000002 0.000000 0.000000 0.000000 1.000000
0.682728 0.730616 0.009081 19.061640 -0.728581 0.681661 -0.067140 -7.394090 -0.055244 0.039223 0.997702 0.000002 0.000000 0.000000 0.000000 1.000000
0.681294 0.728914 0.067252 19.061640 -0.718022 0.683324 -0.132333 -7.394090 -0.142414 0.041869 0.988921 0.000002 0.000000 0.000000 0.000000 1.000000
0.680381 0.727321 0.089918 19.061640 -0.713416 0.685401 -0.145819 -7.394090 -0.167688 0.035063 0.985216 0.000002 0.000000 0.000000 0.000000 1.000000
0.680951 0.726773 0.090041 19.061640 -0.715729 0.686496 -0.128279 -7.394090 -0.155042 0.022907 0.987642 0.000002 0.000000 0.000000 0.000000 1.000000
0.681241 0.726577 0.089424 19.061640 -0.717872 0.686969 -0.112846 -7.394090 -0.143423 0.012681 0.989580 0.000002 0.000000 0.000000 0.000000 1.000000
0.681359 0.726712 0.087406 19.061640 -0.719979 0.686929 -0.098791 -7.394090 -0.131834 0.004382 0.991262 0.000002 0.000000 0.000000 0.000000 1.000000
0.681390 0.727147 0.083457 19.061640 -0.722104 0.686479 -0.085508 -7.394090 -0.119469 -0.002000 0.992836 0.000002 0.000000 0.000000 0.000000 1.000000
0.681414 0.727820 0.077153 19.061640 -0.724229 0.685738 -0.072503 -7.394090 -0.105676 -0.006472 0.994380 0.000002 0.000000 0.000000 0.000000 1.000000
0.681500 0.728638 0.068143 19.061640 -0.726272 0.684839 -0.059370 -7.394090 -0.089926 -0.009030 0.995907 0.000002 0.000000 0.000000 0.000000 1.000000
0.681687 0.729487 0.056140 19.061640 -0.728113 0.683926 -0.045779 -7.394090 -0.071791 -0.009670 0.997373 0.000002 0.000000 0.000000 0.000000 1.000000
0.681956 0.730248 0.040907 19.061640 -0.729618 0.683130 -0.031466 -7.394090 -0.050922 -0.008388 0.998667 0.000002 0.000000 0.000000 0.000000 1.000000
0.682199 0.730828 0.022250 19.061640 -0.730666 0.682542 -0.016220 -7.394090 -0.027040 -0.005192 0.999621 0.000002 0.000000 0.000000 0.000000 1.000000
0.682181 0.731184 0.000020 19.061640 -0.731184 0.682181 0.000112 -7.394090 0.000069 -0.000091 1.000000 0.000002 0.000000 0.000000 0.000000 1.000000</float_array><technique_common><accessor source="#R_Bone013-Matrix-animation-output-transform-array" count="23" stride="16"><param type="float4x4"/></accessor></technique_common></source><source id="R_Bone013-Interpolations"><Name_array id="R_Bone013-Interpolations-array" count="23">
 LINEAR LINEAR LINEAR LINEAR LINEAR LINEAR LINEAR LINEAR LINEAR LINEAR LINEAR
LINEAR LINEAR LINEAR LINEAR LINEAR LINEAR LINEAR LINEAR LINEAR LINEAR LINEAR LINEAR</Name_array><technique_common><accessor source="#R_Bone013-Interpolations-array" count="23"><param type="name"/></accessor></technique_common></source><sampler id="R_Bone013-Matrix-animation-transform"><input semantic="INPUT" source="#R_Bone013-Matrix-animation-input"/><input semantic="OUTPUT" source="#R_Bone013-Matrix-animation-output-transform"/><input semantic="INTERPOLATION" source="#R_Bone013-Interpolations"/></sampler><channel source="#R_Bone013-Matrix-animation-transform" target="R_Bone013/matrix"/></animation></animation>
    <animation id="R_Bone007-anim" name="R_Bone007"><animation><source id="R_Bone007-Matrix-animation-input"><float_array id="R_Bone007-Matrix-animation-input-array" count="23">

0.000000 0.033333 0.066667 0.100000 0.133333 0.166667 0.200000 0.233333 0.266667 0.300000 0.333333 0.366667 0.400000 0.433333 0.466667 0.500000
0.533333 0.566667 0.600000 0.633333 0.666667 0.700000 0.733333</float_array><technique_common><accessor source="#R_Bone007-Matrix-animation-input-array" count="23"><param name="TIME" type="float"/></accessor></technique_common></source><source id="R_Bone007-Matrix-animation-output-transform"><float_array id="R_Bone007-Matrix-animation-output-transform-array" count="368">

0.999982 0.006066 0.000000 7.358707 -0.006066 0.999982 0.000000 20.300577 -0.000000 -0.000000 1.000000 -0.000000 0.000000 0.000000 0.000000 1.000000
0.999982 0.006066 -0.000000 7.358707 -0.006066 0.999982 0.000000 20.300577 0.000000 -0.000000 1.000000 -0.000000 0.000000 0.000000 0.000000 1.000000
0.999982 0.006066 -0.000000 7.358707 -0.006066 0.999982 0.000000 20.300577 0.000000 -0.000000 1.000000 -0.000000 0.000000 0.000000 0.000000 1.000000
0.999982 0.006066 0.000000 7.358707 -0.006066 0.999982 0.000000 20.300577 0.000000 -0.000000 1.000000 -0.000000 0.000000 0.000000 0.000000 1.000000
0.999982 0.006066 0.000000 7.358707 -0.006066 0.999982 0.000000 20.300577 -0.000000 -0.000000 1.000000 -0.000000 0.000000 0.000000 0.000000 1.000000
0.999982 0.006066 -0.000000 7.358707 -0.006066 0.999982 0.000000 20.300577 0.000000 -0.000000 1.000000 -0.000000 0.000000 0.000000 0.000000 1.000000
0.999982 0.006066 0.000000 7.358707 -0.006066 0.999982 0.000000 20.300577 0.000000 -0.000000 1.000000 -0.000000 0.000000 0.000000 0.000000 1.000000
0.999982 0.006066 0.000000 7.358707 -0.006066 0.999982 0.000000 20.300577 0.000000 -0.000000 1.000000 -0.000000 0.000000 0.000000 0.000000 1.000000
0.999982 0.006066 -0.000000 7.358707 -0.006066 0.999982 0.000000 20.300577 0.000000 -0.000000 1.000000 -0.000000 0.000000 0.000000 0.000000 1.000000
0.999982 0.006066 0.000000 7.358707 -0.006066 0.999982 0.000000 20.300577 0.000000 -0.000000 1.000000 -0.000000 0.000000 0.000000 0.000000 1.000000
0.999982 0.006066 -0.000000 7.358707 -0.006066 0.999982 0.000000 20.300577 0.000000 -0.000000 1.000000 -0.000000 0.000000 0.000000 0.000000 1.000000
0.999982 0.006066 0.000000 7.358707 -0.006066 0.999982 0.000000 20.300577 0.000000 -0.000000 1.000000 -0.000000 0.000000 0.000000 0.000000 1.000000
0.999982 0.006066 -0.000000 7.358707 -0.006066 0.999982 0.000000 20.300577 0.000000 -0.000000 1.000000 -0.000000 0.000000 0.000000 0.000000 1.000000
0.999982 0.006066 0.000000 7.358707 -0.006066 0.999982 0.000000 20.300577 0.000000 -0.000000 1.000000 -0.000000 0.000000 0.000000 0.000000 1.000000
0.999982 0.006066 0.000000 7.358707 -0.006066 0.999982 0.000000 20.300577 0.000000 -0.000000 1.000000 -0.000000 0.000000 0.000000 0.000000 1.000000
0.999982 0.006066 0.000000 7.358707 -0.006066 0.999982 0.000000 20.300577 0.000000 -0.000000 1.000000 -0.000000 0.000000 0.000000 0.000000 1.000000
0.999982 0.006066 0.000000 7.358707 -0.006066 0.999982 0.000000 20.300577 -0.000000 -0.000000 1.000000 -0.000000 0.000000 0.000000 0.000000 1.000000
0.999982 0.006066 0.000000 7.358707 -0.006066 0.999982 0.000000 20.300577 0.000000 -0.000000 1.000000 -0.000000 0.000000 0.000000 0.000000 1.000000
0.999982 0.006066 0.000000 7.358707 -0.006066 0.999982 0.000000 20.300577 0.000000 -0.000000 1.000000 -0.000000 0.000000 0.000000 0.000000 1.000000
0.999982 0.006066 0.000000 7.358707 -0.006066 0.999982 0.000000 20.300577 0.000000 -0.000000 1.000000 -0.000000 0.000000 0.000000 0.000000 1.000000
0.999982 0.006066 0.000000 7.358707 -0.006066 0.999982 0.000000 20.300577 -0.000000 -0.000000 1.000000 -0.000000 0.000000 0.000000 0.000000 1.000000
0.999982 0.006066 0.000000 7.358707 -0.006066 0.999982 0.000000 20.300577 0.000000 -0.000000 1.000000 -0.000000 0.000000 0.000000 0.000000 1.000000
0.999982 0.006066 0.000000 7.358707 -0.006066 0.999982 0.000000 20.300577 -0.000000 -0.000000 1.000000 -0.000000 0.000000 0.000000 0.000000 1.000000</float_array><technique_common><accessor source="#R_Bone007-Matrix-animation-output-transform-array" count="23" stride="16"><param type="float4x4"/></accessor></technique_common></source><source id="R_Bone007-Interpolations"><Name_array id="R_Bone007-Interpolations-array" count="23">
 LINEAR LINEAR LINEAR LINEAR LINEAR LINEAR LINEAR LINEAR LINEAR LINEAR LINEAR
LINEAR LINEAR LINEAR LINEAR LINEAR LINEAR LINEAR LINEAR LINEAR LINEAR LINEAR LINEAR</Name_array><technique_common><accessor source="#R_Bone007-Interpolations-array" count="23"><param type="name"/></accessor></technique_common></source><sampler id="R_Bone007-Matrix-animation-transform"><input semantic="INPUT" source="#R_Bone007-Matrix-animation-input"/><input semantic="OUTPUT" source="#R_Bone007-Matrix-animation-output-transform"/><input semantic="INTERPOLATION" source="#R_Bone007-Interpolations"/></sampler><channel source="#R_Bone007-Matrix-animation-transform" target="R_Bone007/matrix"/></animation></animation>
    <animation id="R_Bone015-anim" name="R_Bone015"><animation><source id="R_Bone015-Matrix-animation-input"><float_array id="R_Bone015-Matrix-animation-input-array" count="23">

0.000000 0.033333 0.066667 0.100000 0.133333 0.166667 0.200000 0.233333 0.266667 0.300000 0.333333 0.366667 0.400000 0.433333 0.466667 0.500000
0.533333 0.566667 0.600000 0.633333 0.666667 0.700000 0.733333</float_array><technique_common><accessor source="#R_Bone015-Matrix-animation-input-array" count="23"><param name="TIME" type="float"/></accessor></technique_common></source><source id="R_Bone015-Matrix-animation-output-transform"><float_array id="R_Bone015-Matrix-animation-output-transform-array" count="368">

0.484270 -0.186454 -0.854820 12.189148 0.616611 0.765878 0.182267 -0.745129 0.620703 -0.615358 0.485862 16.331301 0.000000 0.000000 0.000000 1.000000
0.459946 -0.155445 -0.874235 12.189148 0.719391 0.642372 0.264262 -0.745129 0.520506 -0.750463 0.407283 16.331301 0.000000 0.000000 0.000000 1.000000
0.441635 -0.136311 -0.886779 12.189148 0.762826 0.577342 0.291158 -0.745129 0.472287 -0.805044 0.358956 16.331301 0.000000 0.000000 0.000000 1.000000
0.444447 -0.137882 -0.885130 12.189148 0.758273 0.583997 0.289776 -0.745129 0.476958 -0.799960 0.364108 16.331301 0.000000 0.000000 0.000000 1.000000
0.452096 -0.142017 -0.880591 12.189148 0.745307 0.602515 0.285471 -0.745129 0.490028 -0.785371 0.378240 16.331301 0.000000 0.000000 0.000000 1.000000
0.463141 -0.147604 -0.873907 12.189148 0.724840 0.630490 0.277650 -0.745129 0.510007 -0.762034 0.398995 16.331301 0.000000 0.000000 0.000000 1.000000
0.475954 -0.153474 -0.865976 12.189148 0.697758 0.665277 0.265594 -0.745129 0.535352 -0.730652 0.423729 16.331301 0.000000 0.000000 0.000000 1.000000
0.488901 -0.158658 -0.857790 12.189148 0.665064 0.704115 0.248822 -0.745129 0.564505 -0.692135 0.449760 16.331301 0.000000 0.000000 0.000000 1.000000
0.500512 -0.162558 -0.850331 12.189148 0.627964 0.744297 0.227338 -0.745129 0.595944 -0.647763 0.474610 16.331301 0.000000 0.000000 0.000000 1.000000
0.509622 -0.165002 -0.844429 12.189148 0.587897 0.783379 0.201730 -0.745129 0.628222 -0.599243 0.496231 16.331301 0.000000 0.000000 0.000000 1.000000
0.515491 -0.166185 -0.840625 12.189148 0.546495 0.819369 0.173141 -0.745129 0.660009 -0.548651 0.513197 16.331301 0.000000 0.000000 0.000000 1.000000
0.517873 -0.166533 -0.839091 12.189148 0.505510 0.850867 0.143122 -0.745129 0.690121 -0.498288 0.524825 16.331301 0.000000 0.000000 0.000000 1.000000
0.517028 -0.166524 -0.839614 12.189148 0.466712 0.877104 0.113438 -0.745129 0.717539 -0.450508 0.531206 16.331301 0.000000 0.000000 0.000000 1.000000
0.513676 -0.166537 -0.841667 12.189148 0.431794 0.897876 0.085868 -0.745129 0.741412 -0.407535 0.533127 16.331301 0.000000 0.000000 0.000000 1.000000
0.508896 -0.166756 -0.844522 12.189148 0.402312 0.913396 0.062072 -0.745129 0.761032 -0.371350 0.531912 16.331301 0.000000 0.000000 0.000000 1.000000
0.503978 -0.167151 -0.847388 12.189148 0.379668 0.924099 0.043522 -0.745129 0.775796 -0.343660 0.529187 16.331301 0.000000 0.000000 0.000000 1.000000
0.500238 -0.167545 -0.849524 12.189148 0.365148 0.930416 0.031517 -0.745129 0.785130 -0.325968 0.526608 16.331301 0.000000 0.000000 0.000000 1.000000
0.498804 -0.167714 -0.850333 12.189148 0.360017 0.932548 0.027255 -0.745129 0.788405 -0.319729 0.525539 16.331301 0.000000 0.000000 0.000000 1.000000
0.497543 -0.173352 -0.849941 12.189148 0.370156 0.928569 0.027294 -0.745129 0.784497 -0.328191 0.526170 16.331301 0.000000 0.000000 0.000000 1.000000
0.493689 -0.186667 -0.849369 12.189148 0.394411 0.918526 0.027383 -0.745129 0.775056 -0.348519 0.527089 16.331301 0.000000 0.000000 0.000000 1.000000
0.487517 -0.202258 -0.849363 12.189148 0.423446 0.905506 0.027422 -0.745129 0.763557 -0.373029 0.527095 16.331301 0.000000 0.000000 0.000000 1.000000
0.481021 -0.215007 -0.849936 12.189148 0.447781 0.893725 0.027338 -0.745129 0.753731 -0.393735 0.526177 16.331301 0.000000 0.000000 0.000000 1.000000
0.477935 -0.220253 -0.850333 12.189148 0.457974 0.888548 0.027256 -0.745129 0.749559 -0.402457 0.525538 16.331301 0.000000 0.000000 0.000000 1.000000</float_array><technique_common><accessor source="#R_Bone015-Matrix-animation-output-transform-array" count="23" stride="16"><param type="float4x4"/></accessor></technique_common></source><source id="R_Bone015-Interpolations"><Name_array id="R_Bone015-Interpolations-array" count="23">
 LINEAR LINEAR LINEAR LINEAR LINEAR LINEAR LINEAR LINEAR LINEAR LINEAR LINEAR
LINEAR LINEAR LINEAR LINEAR LINEAR LINEAR LINEAR LINEAR LINEAR LINEAR LINEAR LINEAR</Name_array><technique_common><accessor source="#R_Bone015-Interpolations-array" count="23"><param type="name"/></accessor></technique_common></source><sampler id="R_Bone015-Matrix-animation-transform"><input semantic="INPUT" source="#R_Bone015-Matrix-animation-input"/><input semantic="OUTPUT" source="#R_Bone015-Matrix-animation-output-transform"/><input semantic="INTERPOLATION" source="#R_Bone015-Interpolations"/></sampler><channel source="#R_Bone015-Matrix-animation-transform" target="R_Bone015/matrix"/></animation></animation>
    <animation id="R_Bone016-anim" name="R_Bone016"><animation><source id="R_Bone016-Matrix-animation-input"><float_array id="R_Bone016-Matrix-animation-input-array" count="23">

0.000000 0.033333 0.066667 0.100000 0.133333 0.166667 0.200000 0.233333 0.266667 0.300000 0.333333 0.366667 0.400000 0.433333 0.466667 0.500000
0.533333 0.566667 0.600000 0.633333 0.666667 0.700000 0.733333</float_array><technique_common><accessor source="#R_Bone016-Matrix-animation-input-array" count="23"><param name="TIME" type="float"/></accessor></technique_common></source><source id="R_Bone016-Matrix-animation-output-transform"><float_array id="R_Bone016-Matrix-animation-output-transform-array" count="368">

0.969926 0.172816 0.171403 11.069342 -0.154451 0.981245 -0.115335 -0.000000 -0.188120 0.085393 0.978427 0.000000 0.000000 0.000000 0.000000 1.000000
0.969177 0.198922 0.145345 11.069342 -0.177108 0.972659 -0.150221 0.000000 -0.171254 0.119849 0.977910 0.000000 0.000000 0.000000 0.000000 1.000000
0.985796 0.117360 0.120137 11.069342 -0.104345 0.988501 -0.109441 0.000000 -0.131600 0.095351 0.986706 0.000000 0.000000 0.000000 0.000000 1.000000
0.997259 -0.024467 0.069828 11.069342 0.026349 0.999310 -0.026160 0.000000 -0.069140 0.027928 0.997216 -0.000000 0.000000 0.000000 0.000000 1.000000
0.991644 -0.127592 0.019042 11.069342 0.126816 0.991215 0.037571 0.000000 -0.023669 -0.034842 0.999113 0.000000 0.000000 0.000000 0.000000 1.000000
0.979583 -0.200516 -0.014540 11.069342 0.201029 0.976115 0.082381 0.000000 -0.002326 -0.083622 0.996495 0.000000 0.000000 0.000000 0.000000 1.000000
0.968148 -0.249560 -0.020233 11.069342 0.250243 0.961783 0.111139 -0.000000 -0.008276 -0.112662 0.993599 0.000000 0.000000 0.000000 0.000000 1.000000
0.960699 -0.277441 0.009149 11.069342 0.274104 0.953320 0.126680 -0.000000 -0.043869 -0.119194 0.991901 -0.000000 0.000000 0.000000 0.000000 1.000000
0.959239 -0.275630 0.062366 11.069342 0.265897 0.955040 0.131140 -0.000000 -0.095708 -0.109211 0.989400 0.000000 0.000000 0.000000 0.000000 1.000000
0.960693 -0.252412 0.115571 11.069342 0.237666 0.962944 0.127491 0.000000 -0.143469 -0.095012 0.985083 -0.000000 0.000000 0.000000 0.000000 1.000000
0.959898 -0.230507 0.159567 11.069342 0.212840 0.969645 0.120362 0.000000 -0.182467 -0.081573 0.979822 -0.000000 0.000000 0.000000 0.000000 1.000000
0.955626 -0.226147 0.188777 11.069342 0.207009 0.971456 0.115845 0.000000 -0.209586 -0.071626 0.975163 -0.000000 0.000000 0.000000 0.000000 1.000000
0.947286 -0.249180 0.201392 11.069342 0.228734 0.966128 0.119485 -0.000000 -0.224344 -0.067121 0.972196 0.000000 0.000000 0.000000 0.000000 1.000000
0.936886 -0.281448 0.207439 11.069342 0.259556 0.957383 0.126682 -0.000000 -0.234253 -0.064845 0.970011 0.000000 0.000000 0.000000 0.000000 1.000000
0.929545 -0.299006 0.215736 11.069342 0.276336 0.952329 0.129260 0.000000 -0.244101 -0.060537 0.967858 0.000000 0.000000 0.000000 0.000000 1.000000
0.926234 -0.304473 0.222231 11.069342 0.282061 0.950922 0.127233 0.000000 -0.250063 -0.055165 0.966657 0.000000 0.000000 0.000000 0.000000 1.000000
0.927292 -0.299730 0.224257 11.069342 0.278788 0.952748 0.120616 0.000000 -0.249812 -0.049327 0.967037 0.000000 0.000000 0.000000 0.000000 1.000000
0.932629 -0.285879 0.220175 11.069342 0.267591 0.957292 0.109486 0.000000 -0.242072 -0.043193 0.969296 -0.000000 0.000000 0.000000 0.000000 1.000000
0.942491 -0.258080 0.212380 11.069342 0.242667 0.965333 0.096153 -0.000000 -0.229833 -0.039085 0.972445 0.000000 0.000000 0.000000 0.000000 1.000000
0.953873 -0.220934 0.203258 11.069342 0.207858 0.974558 0.083850 0.000000 -0.216612 -0.037734 0.975528 0.000000 0.000000 0.000000 0.000000 1.000000
