<?xml version="1.0" encoding="utf-8"?>
<COLLADA xmlns="http://www.collada.org/2005/11/COLLADASchema" version="1.4.1">
  <asset>
    <contributor>
      <author></author>
      <authoring_tool>FBX COLLADA exporter</authoring_tool>
      <comments></comments>
    </contributor>
    <created>2017-08-26T08:46:21Z</created>
    <keywords></keywords>
    <modified>2017-08-26T08:46:21Z</modified>
    <revision></revision>
    <subject></subject>
    <title></title>
    <unit meter="0.025400" name="centimeter"></unit>
    <up_axis>Y_UP</up_axis>
  </asset>
  <library_animations>
    <animation id="R_Bone001-anim" name="R_Bone001">
      <animation>
        <source id="R_Bone001-Matrix-animation-input">
          <float_array id="R_Bone001-Matrix-animation-input-array" count="41">

            0.000000 0.033333 0.066667 0.100000 0.133333 0.166667 0.200000 0.233333 0.266667 0.300000 0.333333 0.366667 0.400000 0.433333 0.466667 0.500000
            0.533333 0.566667 0.600000 0.633333 0.666667 0.700000 0.733333 0.766667 0.800000 0.833333 0.866667 0.900000 0.933333 0.966667 1.000000 1.033333
            1.066667 1.100000 1.133333 1.166667 1.200000 1.233333 1.266667 1.300000 1.333333
          </float_array>
          <technique_common>
            <accessor source="#R_Bone001-Matrix-animation-input-array" count="41">
              <param name="TIME" type="float"/>
            </accessor>
          </technique_common>
        </source>
        <source id="R_Bone001-Matrix-animation-output-transform">
          <float_array id="R_Bone001-Matrix-animation-output-transform-array" count="656">

            0.000000 0.000000 -0.393701 -0.000000 0.000930 -0.393700 0.000000 8.190150 -0.393700 -0.000930 -0.000000 8.340227 0.000000 0.000000 0.000000 1.000000
            0.000325 0.000001 -0.393701 0.118323 0.000930 -0.393700 0.000000 8.270393 -0.393700 -0.000930 -0.000325 8.340227 0.000000 0.000000 0.000000 1.000000
            0.001255 0.000003 -0.393699 0.230308 0.000930 -0.393700 0.000000 8.346530 -0.393698 -0.000930 -0.001255 8.340227 0.000000 0.000000 0.000000 1.000000
            0.002723 0.000006 -0.393691 0.334515 0.000930 -0.393700 0.000000 8.417537 -0.393690 -0.000930 -0.002723 8.340227 0.000000 0.000000 0.000000 1.000000
            0.004661 0.000011 -0.393673 0.429503 0.000930 -0.393700 0.000000 8.482392 -0.393672 -0.000930 -0.004661 8.340227 0.000000 0.000000 0.000000 1.000000
            0.007002 0.000017 -0.393639 0.513830 0.000930 -0.393700 0.000000 8.540074 -0.393637 -0.000930 -0.007002 8.340227 0.000000 0.000000 0.000000 1.000000
            0.009679 0.000023 -0.393582 0.586056 0.000930 -0.393700 -0.000000 8.589561 -0.393581 -0.000930 -0.009679 8.340227 0.000000 0.000000 0.000000 1.000000
            0.012623 0.000030 -0.393498 0.644740 0.000930 -0.393700 0.000000 8.629830 -0.393497 -0.000930 -0.012623 8.340227 0.000000 0.000000 0.000000 1.000000
            0.015769 0.000037 -0.393385 0.688441 0.000930 -0.393700 -0.000000 8.659859 -0.393384 -0.000929 -0.015769 8.340227 0.000000 0.000000 0.000000 1.000000
            0.019047 0.000045 -0.393240 0.715719 0.000930 -0.393700 0.000000 8.678626 -0.393239 -0.000929 -0.019047 8.340227 0.000000 0.000000 0.000000 1.000000
            0.022391 0.000053 -0.393064 0.725131 0.000930 -0.393700 -0.000000 8.685109 -0.393062 -0.000929 -0.022391 8.340227 0.000000 0.000000 0.000000 1.000000
            0.025734 0.000061 -0.392859 0.714549 0.000930 -0.393700 0.000000 8.678165 -0.392858 -0.000928 -0.025734 8.340227 0.000000 0.000000 0.000000 1.000000
            0.029007 0.000069 -0.392631 0.684262 0.000930 -0.393700 0.000000 8.658294 -0.392630 -0.000928 -0.029007 8.340227 0.000000 0.000000 0.000000 1.000000
            0.032145 0.000076 -0.392386 0.636459 0.000930 -0.393700 -0.000000 8.626929 -0.392385 -0.000927 -0.032145 8.340227 0.000000 0.000000 0.000000 1.000000
            0.035080 0.000083 -0.392135 0.573329 0.000930 -0.393700 0.000000 8.585510 -0.392134 -0.000926 -0.035080 8.340227 0.000000 0.000000 0.000000 1.000000
            0.037746 0.000089 -0.391887 0.497063 0.000930 -0.393700 0.000000 8.535471 -0.391886 -0.000926 -0.037746 8.340227 0.000000 0.000000 0.000000 1.000000
            0.040076 0.000095 -0.391656 0.409850 0.000930 -0.393700 0.000000 8.478251 -0.391655 -0.000925 -0.040076 8.340227 0.000000 0.000000 0.000000 1.000000
            0.042003 0.000099 -0.391454 0.313879 0.000930 -0.393700 -0.000000 8.415283 -0.391453 -0.000925 -0.042003 8.340227 0.000000 0.000000 0.000000 1.000000
            0.043463 0.000103 -0.391294 0.211340 0.000930 -0.393700 -0.000000 8.348005 -0.391293 -0.000925 -0.043463 8.340227 0.000000 0.000000 0.000000 1.000000
            0.044387 0.000105 -0.391191 0.104421 0.000930 -0.393700 -0.000000 8.277855 -0.391190 -0.000924 -0.044387 8.340227 0.000000 0.000000 0.000000 1.000000
            0.044710 0.000106 -0.391154 -0.004686 0.000930 -0.393700 0.000000 8.206269 -0.391153 -0.000924 -0.044710 8.340227 0.000000 0.000000 0.000000 1.000000
            0.044387 0.000105 -0.391191 -0.113794 0.000930 -0.393700 -0.000000 8.134683 -0.391190 -0.000924 -0.044387 8.340227 0.000000 0.000000 0.000000 1.000000
            0.043463 0.000103 -0.391294 -0.220713 0.000930 -0.393700 -0.000000 8.064532 -0.391293 -0.000925 -0.043463 8.340227 0.000000 0.000000 0.000000 1.000000
            0.042003 0.000099 -0.391454 -0.323252 0.000930 -0.393700 -0.000000 7.997255 -0.391453 -0.000925 -0.042003 8.340227 0.000000 0.000000 0.000000 1.000000
            0.040076 0.000095 -0.391656 -0.419223 0.000930 -0.393700 0.000000 7.934288 -0.391655 -0.000925 -0.040076 8.340227 0.000000 0.000000 0.000000 1.000000
            0.037746 0.000089 -0.391887 -0.506436 0.000930 -0.393700 -0.000000 7.877067 -0.391886 -0.000926 -0.037746 8.340227 0.000000 0.000000 0.000000 1.000000
            0.035080 0.000083 -0.392135 -0.582702 0.000930 -0.393700 0.000000 7.827028 -0.392134 -0.000926 -0.035080 8.340227 0.000000 0.000000 0.000000 1.000000
            0.032145 0.000076 -0.392386 -0.645832 0.000930 -0.393700 -0.000000 7.785608 -0.392385 -0.000927 -0.032145 8.340227 0.000000 0.000000 0.000000 1.000000
            0.029007 0.000069 -0.392631 -0.693635 0.000930 -0.393700 0.000000 7.754244 -0.392630 -0.000928 -0.029007 8.340227 0.000000 0.000000 0.000000 1.000000
            0.025734 0.000061 -0.392859 -0.723922 0.000930 -0.393700 -0.000000 7.734372 -0.392858 -0.000928 -0.025734 8.340227 0.000000 0.000000 0.000000 1.000000
            0.022391 0.000053 -0.393064 -0.734504 0.000930 -0.393700 -0.000000 7.727429 -0.393062 -0.000929 -0.022391 8.340227 0.000000 0.000000 0.000000 1.000000
            0.019047 0.000045 -0.393240 -0.724942 0.000930 -0.393700 0.000000 7.733396 -0.393239 -0.000929 -0.019047 8.340227 0.000000 0.000000 0.000000 1.000000
            0.015769 0.000037 -0.393385 -0.697239 0.000930 -0.393700 0.000000 7.750702 -0.393384 -0.000929 -0.015769 8.340227 0.000000 0.000000 0.000000 1.000000
            0.012623 0.000030 -0.393498 -0.652876 0.000930 -0.393700 0.000000 7.778453 -0.393497 -0.000930 -0.012623 8.340227 0.000000 0.000000 0.000000 1.000000
            0.009679 0.000023 -0.393582 -0.593330 0.000930 -0.393700 -0.000000 7.815756 -0.393581 -0.000930 -0.009679 8.340227 0.000000 0.000000 0.000000 1.000000
            0.007002 0.000017 -0.393639 -0.520079 0.000930 -0.393700 -0.000000 7.861718 -0.393637 -0.000930 -0.007002 8.340227 0.000000 0.000000 0.000000 1.000000
            0.004661 0.000011 -0.393673 -0.434602 0.000930 -0.393700 0.000000 7.915446 -0.393672 -0.000930 -0.004661 8.340227 0.000000 0.000000 0.000000 1.000000
            0.002723 0.000006 -0.393691 -0.338377 0.000930 -0.393700 -0.000000 7.976046 -0.393690 -0.000930 -0.002723 8.340227 0.000000 0.000000 0.000000 1.000000
            0.001255 0.000003 -0.393699 -0.232883 0.000930 -0.393700 0.000000 8.042626 -0.393698 -0.000930 -0.001255 8.340227 0.000000 0.000000 0.000000 1.000000
            0.000325 0.000001 -0.393701 -0.119598 0.000930 -0.393700 0.000000 8.114292 -0.393700 -0.000930 -0.000325 8.340227 0.000000 0.000000 0.000000 1.000000
            0.000000 0.000000 -0.393701 -0.000000 0.000930 -0.393700 0.000000 8.190150 -0.393700 -0.000930 -0.000000 8.340227 0.000000 0.000000 0.000000 1.000000
          </float_array>
          <technique_common>
            <accessor source="#R_Bone001-Matrix-animation-output-transform-array" count="41" stride="16">
              <param type="float4x4"/>
            </accessor>
          </technique_common>
        </source>
        <source id="R_Bone001-Interpolations">
          <Name_array id="R_Bone001-Interpolations-array" count="41">
            LINEAR LINEAR LINEAR LINEAR LINEAR LINEAR LINEAR LINEAR LINEAR LINEAR LINEAR
            LINEAR LINEAR LINEAR LINEAR LINEAR LINEAR LINEAR LINEAR LINEAR LINEAR LINEAR LINEAR
            LINEAR LINEAR LINEAR LINEAR LINEAR LINEAR LINEAR LINEAR LINEAR LINEAR LINEAR LINEAR
            LINEAR LINEAR LINEAR LINEAR LINEAR LINEAR
          </Name_array>
          <technique_common>
            <accessor source="#R_Bone001-Interpolations-array" count="41">
              <param type="name"/>
            </accessor>
          </technique_common>
        </source>
        <sampler id="R_Bone001-Matrix-animation-transform">
          <input semantic="INPUT" source="#R_Bone001-Matrix-animation-input"/>
          <input semantic="OUTPUT" source="#R_Bone001-Matrix-animation-output-transform"/>
          <input semantic="INTERPOLATION" source="#R_Bone001-Interpolations"/>
        </sampler>
        <channel source="#R_Bone001-Matrix-animation-transform" target="R_Bone001/matrix"/>
      </animation>
    </animation>
    <animation id="R_Bone003-anim" name="R_Bone003">
      <animation>
        <source id="R_Bone003-Matrix-animation-input">
          <float_array id="R_Bone003-Matrix-animation-input-array" count="41">

            0.000000 0.033333 0.066667 0.100000 0.133333 0.166667 0.200000 0.233333 0.266667 0.300000 0.333333 0.366667 0.400000 0.433333 0.466667 0.500000
            0.533333 0.566667 0.600000 0.633333 0.666667 0.700000 0.733333 0.766667 0.800000 0.833333 0.866667 0.900000 0.933333 0.966667 1.000000 1.033333
            1.066667 1.100000 1.133333 1.166667 1.200000 1.233333 1.266667 1.300000 1.333333
          </float_array>
          <technique_common>
            <accessor source="#R_Bone003-Matrix-animation-input-array" count="41">
              <param name="TIME" type="float"/>
            </accessor>
          </technique_common>
        </source>
        <source id="R_Bone003-Matrix-animation-output-transform">
          <float_array id="R_Bone003-Matrix-animation-output-transform-array" count="656">

            0.999951 -0.003146 -0.009361 30.893391 0.003147 0.999995 0.000127 11.544965 0.009361 -0.000156 0.999956 -0.000000 0.000000 0.000000 0.000000 1.000000
            0.999530 -0.005663 -0.030120 30.893391 0.005667 0.999984 0.000045 11.544965 0.030119 -0.000216 0.999546 0.000001 0.000000 0.000000 0.000000 1.000000
            0.998795 -0.006705 -0.048627 30.893391 0.006710 0.999977 -0.000061 11.544965 0.048626 -0.000265 0.998817 0.000001 0.000000 0.000000 0.000000 1.000000
            0.997869 -0.006825 -0.064893 30.893391 0.006830 0.999977 -0.000149 11.544965 0.064892 -0.000295 0.997892 0.000001 0.000000 0.000000 0.000000 1.000000
            0.996860 -0.006338 -0.078934 30.893391 0.006342 0.999980 -0.000198 11.544965 0.078933 -0.000304 0.996880 0.000001 0.000000 0.000000 0.000000 1.000000
            0.995857 -0.005419 -0.090766 30.893391 0.005423 0.999985 -0.000202 11.544965 0.090766 -0.000291 0.995872 0.000001 0.000000 0.000000 0.000000 1.000000
            0.994938 -0.004170 -0.100409 30.893391 0.004175 0.999991 -0.000164 11.544965 0.100408 -0.000256 0.994946 0.000001 0.000000 0.000000 0.000000 1.000000
            0.994161 -0.002643 -0.107879 30.893391 0.002649 0.999996 -0.000084 11.544965 0.107879 -0.000202 0.994164 0.000001 0.000000 0.000000 0.000000 1.000000
            0.993572 -0.000872 -0.113195 30.893391 0.000880 1.000000 0.000028 11.544965 0.113195 -0.000127 0.993573 0.000001 0.000000 0.000000 0.000000 1.000000
            0.993205 0.001130 -0.116373 30.893391 -0.001118 0.999999 0.000167 11.544965 0.116373 -0.000036 0.993206 0.000001 0.000000 0.000000 0.000000 1.000000
            0.993076 0.003351 -0.117429 30.893391 -0.003336 0.999994 0.000324 11.544965 0.117429 0.000070 0.993081 0.000001 0.000000 0.000000 0.000000 1.000000
            0.993261 0.005827 -0.115750 30.893391 -0.005779 0.999983 0.000750 11.544965 0.115753 -0.000076 0.993278 0.000001 0.000000 0.000000 0.000000 1.000000
            0.993789 0.008347 -0.110965 30.893391 -0.008300 0.999965 0.000883 11.544965 0.110969 0.000043 0.993824 0.000001 0.000000 0.000000 0.000000 1.000000
            0.994577 0.010782 -0.103440 30.893391 -0.010741 0.999942 0.000957 11.544965 0.103444 0.000159 0.994635 0.000001 0.000000 0.000000 0.000000 1.000000
            0.995530 0.013067 -0.093538 30.893391 -0.013009 0.999915 0.001222 11.544965 0.093546 0.000001 0.995615 0.000001 0.000000 0.000000 0.000000 1.000000
            0.996548 0.015099 -0.081631 30.893391 -0.015056 0.999886 0.001141 11.544965 0.081639 0.000092 0.996662 0.000001 0.000000 0.000000 0.000000 1.000000
            0.997537 0.016876 -0.068085 30.893391 -0.016848 0.999858 0.000984 11.544965 0.068092 0.000165 0.997679 0.000001 0.000000 0.000000 0.000000 1.000000
            0.998411 0.018378 -0.053271 30.893391 -0.018364 0.999831 0.000762 11.544965 0.053276 0.000218 0.998580 0.000001 0.000000 0.000000 0.000000 1.000000
            0.999102 0.019609 -0.037562 30.893391 -0.019604 0.999808 0.000492 11.544965 0.037565 0.000245 0.999294 0.000001 0.000000 0.000000 0.000000 1.000000
            0.999561 0.020556 -0.021328 30.893391 -0.020551 0.999789 0.000460 11.544965 0.021333 -0.000021 0.999772 0.000001 0.000000 0.000000 0.000000 1.000000
            0.999763 0.021207 -0.004957 30.893391 -0.021206 0.999775 0.000157 11.544965 0.004959 -0.000052 0.999988 0.000001 0.000000 0.000000 0.000000 1.000000
            0.999702 0.021565 0.011441 30.893391 -0.021565 0.999767 -0.000133 11.544965 -0.011441 -0.000113 0.999935 0.000001 0.000000 0.000000 0.000000 1.000000
            0.999382 0.021630 0.027723 30.893391 -0.021627 0.999766 -0.000403 11.544965 -0.027725 -0.000197 0.999616 0.000001 0.000000 0.000000 0.000000 1.000000
            0.998824 0.021402 0.043493 30.893391 -0.021394 0.999771 -0.000636 11.544965 -0.043496 -0.000295 0.999054 0.000001 0.000000 0.000000 0.000000 1.000000
            0.998076 0.020880 0.058373 30.893391 -0.020868 0.999782 -0.000820 11.544965 -0.058377 -0.000400 0.998295 0.000001 0.000000 0.000000 0.000000 1.000000
            0.997203 0.020084 0.071993 30.893391 -0.020049 0.999798 -0.001205 11.544965 -0.072002 -0.000242 0.997404 0.000001 0.000000 0.000000 0.000000 1.000000
            0.996285 0.018979 0.084002 30.893391 -0.018941 0.999820 -0.001251 11.544965 -0.084011 -0.000344 0.996465 0.000001 0.000000 0.000000 0.000000 1.000000
            0.995414 0.017605 0.094025 30.893391 -0.017543 0.999845 -0.001482 11.544965 -0.094037 -0.000174 0.995569 0.000001 0.000000 0.000000 0.000000 1.000000
            0.994688 0.015914 0.101697 30.893391 -0.015858 0.999873 -0.001361 11.544965 -0.101706 -0.000259 0.994815 0.000001 0.000000 0.000000 0.000000 1.000000
            0.994203 0.013930 0.106616 30.893391 -0.013886 0.999903 -0.001158 11.544965 -0.106622 -0.000329 0.994300 0.000001 0.000000 0.000000 0.000000 1.000000
            0.994044 0.011681 0.108355 30.893391 -0.011626 0.999932 -0.001141 11.544965 -0.108361 -0.000125 0.994112 0.000001 0.000000 0.000000 0.000000 1.000000
            0.994203 0.009251 0.107121 30.893391 -0.009217 0.999957 -0.000818 11.544965 -0.107124 -0.000174 0.994246 0.000001 0.000000 0.000000 0.000000 1.000000
            0.994613 0.006898 0.103423 30.893391 -0.006857 0.999976 -0.000756 11.544965 -0.103426 0.000042 0.994637 0.000001 0.000000 0.000000 0.000000 1.000000
            0.995246 0.004626 0.097287 30.893391 -0.004604 0.999989 -0.000450 11.544965 -0.097288 -0.000000 0.995256 0.000001 0.000000 0.000000 0.000000 1.000000
            0.996053 0.002494 0.088727 30.893391 -0.002488 0.999997 -0.000180 11.544965 -0.088727 -0.000042 0.996056 0.000001 0.000000 0.000000 0.000000 1.000000
            0.996972 0.000523 0.077762 30.893391 -0.000528 1.000000 0.000044 11.544965 -0.077762 -0.000085 0.996972 0.000001 0.000000 0.000000 0.000000 1.000000
            0.997923 -0.001277 0.064408 30.893391 0.001266 0.999999 0.000210 11.544965 -0.064408 -0.000128 0.997924 0.000001 0.000000 0.000000 0.000000 1.000000
            0.998810 -0.002900 0.048684 30.893391 0.002889 0.999996 0.000315 11.544965 -0.048685 -0.000174 0.998814 0.000001 0.000000 0.000000 0.000000 1.000000
            0.999522 -0.004340 0.030611 30.893391 0.004331 0.999991 0.000354 11.544965 -0.030613 -0.000221 0.999531 0.000001 0.000000 0.000000 0.000000 1.000000
            0.999932 -0.005599 0.010213 30.893391 0.005596 0.999984 0.000329 11.544965 -0.010215 -0.000272 0.999948 0.000001 0.000000 0.000000 0.000000 1.000000
            0.999900 -0.006679 -0.012481 30.893391 0.006679 0.999978 -0.000021 11.544965 0.012481 -0.000062 0.999922 0.000001 0.000000 0.000000 0.000000 1.000000
          </float_array>
          <technique_common>
            <accessor source="#R_Bone003-Matrix-animation-output-transform-array" count="41" stride="16">
              <param type="float4x4"/>
            </accessor>
          </technique_common>
        </source>
        <source id="R_Bone003-Interpolations">
          <Name_array id="R_Bone003-Interpolations-array" count="41">
            LINEAR LINEAR LINEAR LINEAR LINEAR LINEAR LINEAR LINEAR LINEAR LINEAR LINEAR
            LINEAR LINEAR LINEAR LINEAR LINEAR LINEAR LINEAR LINEAR LINEAR LINEAR LINEAR LINEAR
            LINEAR LINEAR LINEAR LINEAR LINEAR LINEAR LINEAR LINEAR LINEAR LINEAR LINEAR LINEAR
            LINEAR LINEAR LINEAR LINEAR LINEAR LINEAR
          </Name_array>
          <technique_common>
            <accessor source="#R_Bone003-Interpolations-array" count="41">
              <param type="name"/>
            </accessor>
          </technique_common>
        </source>
        <sampler id="R_Bone003-Matrix-animation-transform">
          <input semantic="INPUT" source="#R_Bone003-Matrix-animation-input"/>
          <input semantic="OUTPUT" source="#R_Bone003-Matrix-animation-output-transform"/>
          <input semantic="INTERPOLATION" source="#R_Bone003-Interpolations"/>
        </sampler>
        <channel source="#R_Bone003-Matrix-animation-transform" target="R_Bone003/matrix"/>
      </animation>
    </animation>
    <animation id="R_Bone004-anim" name="R_Bone004">
      <animation>
        <source id="R_Bone004-Matrix-animation-input">
          <float_array id="R_Bone004-Matrix-animation-input-array" count="41">

            0.000000 0.033333 0.066667 0.100000 0.133333 0.166667 0.200000 0.233333 0.266667 0.300000 0.333333 0.366667 0.400000 0.433333 0.466667 0.500000
            0.533333 0.566667 0.600000 0.633333 0.666667 0.700000 0.733333 0.766667 0.800000 0.833333 0.866667 0.900000 0.933333 0.966667 1.000000 1.033333
            1.066667 1.100000 1.133333 1.166667 1.200000 1.233333 1.266667 1.300000 1.333333
          </float_array>
          <technique_common>
            <accessor source="#R_Bone004-Matrix-animation-input-array" count="41">
              <param name="TIME" type="float"/>
            </accessor>
          </technique_common>
        </source>
        <source id="R_Bone004-Matrix-animation-output-transform">
          <float_array id="R_Bone004-Matrix-animation-output-transform-array" count="656">

            0.998688 0.009720 0.050274 18.637814 -0.009663 0.999952 -0.001391 -0.000079 -0.050285 0.000904 0.998735 0.000000 0.000000 0.000000 0.000000 1.000000
            0.998920 0.011127 0.045105 18.637814 -0.011085 0.999938 -0.001161 -0.000079 -0.045115 0.000659 0.998982 0.000001 0.000000 0.000000 0.000000 1.000000
            0.999498 0.009077 0.030339 18.637814 -0.009065 0.999959 -0.000556 -0.000079 -0.030342 0.000281 0.999540 0.000001 0.000000 0.000000 0.000000 1.000000
            0.999910 0.007042 0.011461 18.637814 -0.007040 0.999975 -0.000141 -0.000079 -0.011462 0.000060 0.999934 0.000001 0.000000 0.000000 0.000000 1.000000
            0.999947 0.005896 -0.008429 18.637814 -0.005895 0.999983 0.000227 -0.000079 0.008430 -0.000177 0.999964 0.000001 0.000000 0.000000 0.000000 1.000000
            0.999602 0.005980 -0.027583 18.637814 -0.005961 0.999982 0.000779 -0.000079 0.027587 -0.000615 0.999619 0.000001 0.000000 0.000000 0.000000 1.000000
            0.998959 0.007212 -0.045034 18.637814 -0.007165 0.999974 0.001207 -0.000079 0.045042 -0.000883 0.998985 0.000001 0.000000 0.000000 0.000000 1.000000
            0.998138 0.009458 -0.060255 18.637814 -0.009370 0.999955 0.001739 -0.000079 0.060268 -0.001171 0.998182 0.000001 0.000000 0.000000 0.000000 1.000000
            0.997255 0.012570 -0.072973 18.637814 -0.012446 0.999920 0.002152 -0.000079 0.072994 -0.001238 0.997332 0.000001 0.000000 0.000000 0.000000 1.000000
            0.996410 0.016434 -0.083052 18.637814 -0.016288 0.999864 0.002435 -0.000079 0.083081 -0.001073 0.996542 0.000001 0.000000 0.000000 0.000000 1.000000
            0.995682 0.020985 -0.090421 18.637814 -0.020818 0.999779 0.002796 -0.000079 0.090460 -0.000901 0.995900 0.000001 0.000000 0.000000 0.000000 1.000000
            0.994992 0.026194 -0.096464 18.637814 -0.026025 0.999657 0.003011 -0.000079 0.096510 -0.000486 0.995332 0.000001 0.000000 0.000000 0.000000 1.000000
            0.994297 0.031992 -0.101734 18.637814 -0.031796 0.999488 0.003557 -0.000079 0.101795 -0.000302 0.994805 0.000001 0.000000 0.000000 0.000000 1.000000
            0.993708 0.038145 -0.105309 18.637814 -0.037933 0.999272 0.004011 -0.000079 0.105385 0.000009 0.994432 0.000001 0.000000 0.000000 0.000000 1.000000
            0.993303 0.044379 -0.106673 18.637814 -0.044176 0.999015 0.004264 -0.000079 0.106757 0.000477 0.994285 0.000001 0.000000 0.000000 0.000000 1.000000
            0.993136 0.050415 -0.105544 18.637814 -0.050211 0.998728 0.004590 -0.000079 0.105642 0.000741 0.994404 0.000001 0.000000 0.000000 0.000000 1.000000
            0.993228 0.056064 -0.101756 18.637814 -0.055875 0.998427 0.004711 -0.000079 0.101860 0.001007 0.994798 0.000001 0.000000 0.000000 0.000000 1.000000
            0.993573 0.061202 -0.095218 18.637814 -0.061043 0.998125 0.004582 -0.000079 0.095320 0.001260 0.995446 0.000001 0.000000 0.000000 0.000000 1.000000
            0.994137 0.065714 -0.085865 18.637814 -0.065588 0.997838 0.004296 -0.000079 0.085962 0.001361 0.996298 0.000001 0.000000 0.000000 0.000000 1.000000
            0.994854 0.069583 -0.073648 18.637814 -0.069495 0.997575 0.003763 -0.000079 0.073731 0.001374 0.997277 0.000001 0.000000 0.000000 0.000000 1.000000
            0.995631 0.072718 -0.058568 18.637814 -0.072663 0.997352 0.003057 -0.000079 0.058635 0.001212 0.998279 0.000001 0.000000 0.000000 0.000000 1.000000
            0.996307 0.075116 -0.041585 18.637814 -0.075090 0.997174 0.002184 -0.000079 0.041632 0.000947 0.999133 0.000001 0.000000 0.000000 0.000000 1.000000
            0.996755 0.076744 -0.024305 18.637814 -0.076738 0.997051 0.001179 -0.000079 0.024324 0.000690 0.999704 0.000001 0.000000 0.000000 0.000000 1.000000
            0.996956 0.077621 -0.007346 18.637814 -0.077622 0.996983 0.000217 -0.000079 0.007341 0.000354 0.999973 0.000001 0.000000 0.000000 0.000000 1.000000
            0.996935 0.077725 0.008892 18.637814 -0.077722 0.996975 -0.000663 -0.000079 -0.008917 -0.000030 0.999960 0.000001 0.000000 0.000000 0.000000 1.000000
            0.996732 0.077090 0.024125 18.637814 -0.077069 0.997024 -0.001796 -0.000079 -0.024192 -0.000069 0.999707 0.000001 0.000000 0.000000 0.000000 1.000000
            0.996394 0.075695 0.038329 18.637814 -0.075661 0.997131 -0.002350 -0.000079 -0.038397 -0.000559 0.999262 0.000001 0.000000 0.000000 0.000000 1.000000
            0.995965 0.073586 0.051364 18.637814 -0.073527 0.997289 -0.003046 -0.000079 -0.051449 -0.000743 0.998675 0.000001 0.000000 0.000000 0.000000 1.000000
            0.995483 0.070736 0.063318 18.637814 -0.070653 0.997495 -0.003551 -0.000079 -0.063410 -0.000939 0.997987 0.000001 0.000000 0.000000 0.000000 1.000000
            0.994977 0.067162 0.074227 18.637814 -0.067047 0.997742 -0.004044 -0.000079 -0.074331 -0.000953 0.997233 0.000001 0.000000 0.000000 0.000000 1.000000
            0.994463 0.062868 0.084206 18.637814 -0.062724 0.998021 -0.004358 -0.000079 -0.084314 -0.000948 0.996439 0.000001 0.000000 0.000000 0.000000 1.000000
            0.994062 0.057823 0.092178 18.637814 -0.057668 0.998326 -0.004346 -0.000079 -0.092275 -0.000996 0.995733 0.000001 0.000000 0.000000 0.000000 1.000000
            0.993868 0.052300 0.097419 18.637814 -0.052116 0.998631 -0.004435 -0.000079 -0.097518 -0.000670 0.995234 0.000001 0.000000 0.000000 0.000000 1.000000
            0.993841 0.046528 0.100570 18.637814 -0.046321 0.998917 -0.004400 -0.000079 -0.100666 -0.000286 0.994920 0.000001 0.000000 0.000000 0.000000 1.000000
            0.993956 0.040722 0.101947 18.637814 -0.040526 0.999171 -0.003992 -0.000079 -0.102025 -0.000164 0.994782 0.000001 0.000000 0.000000 0.000000 1.000000
            0.994196 0.035083 0.101703 18.637814 -0.034888 0.999384 -0.003699 -0.000079 -0.101771 0.000129 0.994808 0.000001 0.000000 0.000000 0.000000 1.000000
            0.994550 0.029707 0.099936 18.637814 -0.029513 0.999559 -0.003421 -0.000079 -0.099994 0.000453 0.994988 0.000001 0.000000 0.000000 0.000000 1.000000
            0.995009 0.024648 0.096697 18.637814 -0.024473 0.999696 -0.002997 -0.000079 -0.096741 0.000615 0.995309 0.000001 0.000000 0.000000 0.000000 1.000000
            0.995558 0.019978 0.092003 18.637814 -0.019813 0.999800 -0.002701 -0.000079 -0.092039 0.000866 0.995755 0.000001 0.000000 0.000000 0.000000 1.000000
            0.996182 0.015719 0.085874 18.637814 -0.015578 0.999876 -0.002316 -0.000079 -0.085900 0.000969 0.996303 0.000001 0.000000 0.000000 0.000000 1.000000
            0.996858 0.011836 0.078322 18.637814 -0.011724 0.999929 -0.001893 -0.000079 -0.078339 0.000969 0.996926 0.000001 0.000000 0.000000 0.000000 1.000000
          </float_array>
          <technique_common>
            <accessor source="#R_Bone004-Matrix-animation-output-transform-array" count="41" stride="16">
              <param type="float4x4"/>
            </accessor>
          </technique_common>
        </source>
        <source id="R_Bone004-Interpolations">
          <Name_array id="R_Bone004-Interpolations-array" count="41">
            LINEAR LINEAR LINEAR LINEAR LINEAR LINEAR LINEAR LINEAR LINEAR LINEAR LINEAR
            LINEAR LINEAR LINEAR LINEAR LINEAR LINEAR LINEAR LINEAR LINEAR LINEAR LINEAR LINEAR
            LINEAR LINEAR LINEAR LINEAR LINEAR LINEAR LINEAR LINEAR LINEAR LINEAR LINEAR LINEAR
            LINEAR LINEAR LINEAR LINEAR LINEAR LINEAR
          </Name_array>
          <technique_common>
            <accessor source="#R_Bone004-Interpolations-array" count="41">
              <param type="name"/>
            </accessor>
          </technique_common>
        </source>
        <sampler id="R_Bone004-Matrix-animation-transform">
          <input semantic="INPUT" source="#R_Bone004-Matrix-animation-input"/>
          <input semantic="OUTPUT" source="#R_Bone004-Matrix-animation-output-transform"/>
          <input semantic="INTERPOLATION" source="#R_Bone004-Interpolations"/>
        </sampler>
        <channel source="#R_Bone004-Matrix-animation-transform" target="R_Bone004/matrix"/>
      </animation>
    </animation>
    <animation id="R_Bone005-anim" name="R_Bone005">
      <animation>
        <source id="R_Bone005-Matrix-animation-input">
          <float_array id="R_Bone005-Matrix-animation-input-array" count="41">

            0.000000 0.033333 0.066667 0.100000 0.133333 0.166667 0.200000 0.233333 0.266667 0.300000 0.333333 0.366667 0.400000 0.433333 0.466667 0.500000
            0.533333 0.566667 0.600000 0.633333 0.666667 0.700000 0.733333 0.766667 0.800000 0.833333 0.866667 0.900000 0.933333 0.966667 1.000000 1.033333
            1.066667 1.100000 1.133333 1.166667 1.200000 1.233333 1.266667 1.300000 1.333333
          </float_array>
          <technique_common>
            <accessor source="#R_Bone005-Matrix-animation-input-array" count="41">
              <param name="TIME" type="float"/>
            </accessor>
          </technique_common>
        </source>
        <source id="R_Bone005-Matrix-animation-output-transform">
          <float_array id="R_Bone005-Matrix-animation-output-transform-array" count="656">

            0.994929 -0.063120 0.078307 7.044018 0.063144 0.998002 0.002171 0.000003 -0.078288 0.002784 0.996927 -0.000000 0.000000 0.000000 0.000000 1.000000
            0.995490 -0.065675 0.068460 7.044018 0.065698 0.997838 0.001917 0.000003 -0.068437 0.002589 0.997652 0.000000 0.000000 0.000000 0.000000 1.000000
            0.995707 -0.065873 0.065029 7.044018 0.065920 0.997824 0.001411 0.000003 -0.064980 0.002882 0.997882 0.000000 0.000000 0.000000 0.000000 1.000000
            0.995902 -0.066989 0.060760 7.044018 0.067043 0.997750 0.001148 0.000003 -0.060700 0.002931 0.998152 0.000000 0.000000 0.000000 0.000000 1.000000
            0.996171 -0.068878 0.053850 7.044018 0.068934 0.997621 0.000825 0.000003 -0.053779 0.002890 0.998549 0.000000 0.000000 0.000000 0.000000 1.000000
            0.996486 -0.071084 0.044311 7.044018 0.071142 0.997466 0.000279 0.000003 -0.044219 0.002874 0.999018 0.000000 0.000000 0.000000 0.000000 1.000000
            0.996778 -0.073154 0.032904 7.044018 0.073200 0.997317 -0.000187 0.000003 -0.032802 0.002595 0.999458 0.000000 0.000000 0.000000 0.000000 1.000000
            0.996981 -0.074882 0.020545 7.044018 0.074914 0.997190 -0.000790 0.000003 -0.020429 0.002327 0.999789 0.000000 0.000000 0.000000 0.000000 1.000000
            0.997063 -0.076178 0.007968 7.044018 0.076190 0.997093 -0.001298 0.000003 -0.007846 0.001901 0.999967 0.000000 0.000000 0.000000 0.000000 1.000000
            0.997020 -0.077027 -0.004298 7.044018 0.077020 0.997028 -0.001717 0.000003 0.004418 0.001381 0.999989 0.000000 0.000000 0.000000 0.000000 1.000000
            0.996868 -0.077471 -0.015880 7.044018 0.077444 0.996994 -0.002287 0.000003 0.016009 0.001050 0.999871 0.000000 0.000000 0.000000 0.000000 1.000000
            0.996644 -0.077570 -0.026167 7.044018 0.077520 0.996987 -0.002921 0.000003 0.026315 0.000883 0.999653 0.000000 0.000000 0.000000 0.000000 1.000000
            0.996380 -0.077234 -0.035518 7.044018 0.077158 0.997013 -0.003510 0.000003 0.035683 0.000757 0.999363 0.000000 0.000000 0.000000 0.000000 1.000000
            0.996102 -0.076336 -0.044201 7.044018 0.076234 0.997082 -0.003995 0.000003 0.044377 0.000609 0.999015 0.000000 0.000000 0.000000 0.000000 1.000000
            0.995832 -0.074831 -0.052155 7.044018 0.074699 0.997196 -0.004485 0.000003 0.052344 0.000570 0.998629 0.000000 0.000000 0.000000 0.000000 1.000000
            0.995595 -0.072781 -0.059107 7.044018 0.072626 0.997348 -0.004754 0.000003 0.059296 0.000440 0.998240 0.000000 0.000000 0.000000 0.000000 1.000000
            0.995417 -0.070331 -0.064800 7.044018 0.070162 0.997524 -0.004885 0.000003 0.064983 0.000316 0.997886 0.000000 0.000000 0.000000 0.000000 1.000000
            0.995308 -0.067636 -0.069190 7.044018 0.067460 0.997710 -0.004884 0.000003 0.069362 0.000194 0.997592 0.000000 0.000000 0.000000 0.000000 1.000000
            0.995290 -0.064812 -0.072096 7.044018 0.064629 0.997898 -0.004876 0.000003 0.072260 0.000193 0.997386 0.000000 0.000000 0.000000 0.000000 1.000000
            0.995376 -0.061969 -0.073397 7.044018 0.061785 0.998078 -0.004784 0.000003 0.073553 0.000227 0.997291 0.000000 0.000000 0.000000 0.000000 1.000000
            0.995574 -0.059193 -0.073002 7.044018 0.059029 0.998247 -0.004411 0.000003 0.073135 0.000083 0.997322 0.000000 0.000000 0.000000 0.000000 1.000000
            0.995909 -0.056539 -0.070498 7.044018 0.056403 0.998401 -0.003915 0.000003 0.070606 -0.000078 0.997504 0.000000 0.000000 0.000000 0.000000 1.000000
            0.996384 -0.054045 -0.065563 7.044018 0.053939 0.998539 -0.003381 0.000003 0.065650 -0.000168 0.997843 0.000000 0.000000 0.000000 0.000000 1.000000
            0.996934 -0.051756 -0.058696 7.044018 0.051675 0.998660 -0.002901 0.000003 0.058767 -0.000141 0.998272 0.000000 0.000000 0.000000 0.000000 1.000000
            0.997491 -0.049680 -0.050431 7.044018 0.049622 0.998765 -0.002405 0.000003 0.050489 -0.000104 0.998725 0.000000 0.000000 0.000000 0.000000 1.000000
            0.998001 -0.047871 -0.041269 7.044018 0.047851 0.998854 -0.001472 0.000003 0.041292 -0.000506 0.999147 0.000000 0.000000 0.000000 0.000000 1.000000
            0.998430 -0.046307 -0.031508 7.044018 0.046290 0.998927 -0.001265 0.000003 0.031533 -0.000196 0.999503 0.000000 0.000000 0.000000 0.000000 1.000000
            0.998759 -0.044995 -0.021352 7.044018 0.044994 0.998987 -0.000535 0.000003 0.021354 -0.000426 0.999772 0.000000 0.000000 0.000000 0.000000 1.000000
            0.998974 -0.043939 -0.011005 7.044018 0.043939 0.999034 -0.000245 0.000003 0.011005 -0.000239 0.999939 0.000000 0.000000 0.000000 0.000000 1.000000
            0.999070 -0.043129 -0.000606 7.044018 0.043129 0.999070 0.000315 0.000003 0.000592 -0.000341 1.000000 0.000000 0.000000 0.000000 0.000000 1.000000
            0.999045 -0.042573 0.009806 7.044018 0.042567 0.999094 0.000820 0.000003 -0.009832 -0.000402 0.999952 0.000000 0.000000 0.000000 0.000000 1.000000
            0.998892 -0.042373 0.020485 7.044018 0.042365 0.999102 0.000807 0.000003 -0.020501 0.000062 0.999790 0.000000 0.000000 0.000000 0.000000 1.000000
            0.998606 -0.042735 0.030997 7.044018 0.042715 0.999087 0.001308 0.000003 -0.031025 0.000018 0.999519 0.000000 0.000000 0.000000 0.000000 1.000000
            0.998230 -0.043712 0.040328 7.044018 0.043686 0.999044 0.001522 0.000003 -0.040356 0.000243 0.999185 0.000000 0.000000 0.000000 0.000000 1.000000
            0.997805 -0.045226 0.048375 7.044018 0.045204 0.998977 0.001539 0.000003 -0.048395 0.000651 0.998828 0.000000 0.000000 0.000000 0.000000 1.000000
            0.997363 -0.047154 0.055168 7.044018 0.047131 0.998887 0.001721 0.000003 -0.055188 0.000884 0.998476 0.000000 0.000000 0.000000 0.000000 1.000000
            0.996931 -0.049360 0.060769 7.044018 0.049336 0.998781 0.001890 0.000003 -0.060789 0.001114 0.998150 0.000000 0.000000 0.000000 0.000000 1.000000
            0.996515 -0.051732 0.065436 7.044018 0.051716 0.998660 0.001928 0.000003 -0.065448 0.001463 0.997855 0.000000 0.000000 0.000000 0.000000 1.000000
            0.996130 -0.054173 0.069211 7.044018 0.054163 0.998530 0.002023 0.000003 -0.069219 0.001734 0.997600 0.000000 0.000000 0.000000 0.000000 1.000000
            0.995788 -0.056621 0.072120 7.044018 0.056622 0.998394 0.002037 0.000003 -0.072119 0.002056 0.997394 0.000000 0.000000 0.000000 0.000000 1.000000
            0.995494 -0.059075 0.074183 7.044018 0.059078 0.998251 0.002153 0.000003 -0.074181 0.002240 0.997242 0.000000 0.000000 0.000000 0.000000 1.000000
          </float_array>
          <technique_common>
            <accessor source="#R_Bone005-Matrix-animation-output-transform-array" count="41" stride="16">
              <param type="float4x4"/>
            </accessor>
          </technique_common>
        </source>
        <source id="R_Bone005-Interpolations">
          <Name_array id="R_Bone005-Interpolations-array" count="41">
            LINEAR LINEAR LINEAR LINEAR LINEAR LINEAR LINEAR LINEAR LINEAR LINEAR LINEAR
            LINEAR LINEAR LINEAR LINEAR LINEAR LINEAR LINEAR LINEAR LINEAR LINEAR LINEAR LINEAR
            LINEAR LINEAR LINEAR LINEAR LINEAR LINEAR LINEAR LINEAR LINEAR LINEAR LINEAR LINEAR
            LINEAR LINEAR LINEAR LINEAR LINEAR LINEAR
          </Name_array>
          <technique_common>
            <accessor source="#R_Bone005-Interpolations-array" count="41">
              <param type="name"/>
            </accessor>
          </technique_common>
        </source>
        <sampler id="R_Bone005-Matrix-animation-transform">
          <input semantic="INPUT" source="#R_Bone005-Matrix-animation-input"/>
          <input semantic="OUTPUT" source="#R_Bone005-Matrix-animation-output-transform"/>
          <input semantic="INTERPOLATION" source="#R_Bone005-Interpolations"/>
        </sampler>
        <channel source="#R_Bone005-Matrix-animation-transform" target="R_Bone005/matrix"/>
      </animation>
    </animation>
    <animation id="R_Bone013-anim" name="R_Bone013">
      <animation>
        <source id="R_Bone013-Matrix-animation-input">
          <float_array id="R_Bone013-Matrix-animation-input-array" count="41">

            0.000000 0.033333 0.066667 0.100000 0.133333 0.166667 0.200000 0.233333 0.266667 0.300000 0.333333 0.366667 0.400000 0.433333 0.466667 0.500000
            0.533333 0.566667 0.600000 0.633333 0.666667 0.700000 0.733333 0.766667 0.800000 0.833333 0.866667 0.900000 0.933333 0.966667 1.000000 1.033333
            1.066667 1.100000 1.133333 1.166667 1.200000 1.233333 1.266667 1.300000 1.333333
          </float_array>
          <technique_common>
            <accessor source="#R_Bone013-Matrix-animation-input-array" count="41">
              <param name="TIME" type="float"/>
            </accessor>
          </technique_common>
        </source>
        <source id="R_Bone013-Matrix-animation-output-transform">
          <float_array id="R_Bone013-Matrix-animation-output-transform-array" count="656">

            0.682181 0.731184 0.000000 19.061640 -0.731184 0.682181 0.000000 -7.394090 0.000000 -0.000000 1.000000 0.000002 0.000000 0.000000 0.000000 1.000000
            0.681800 0.731184 -0.022797 19.061640 -0.730775 0.682181 0.024435 -7.394090 0.033418 -0.000000 0.999441 0.000002 0.000000 0.000000 0.000000 1.000000
            0.680734 0.731184 -0.044410 19.061640 -0.729633 0.682181 0.047600 -7.394090 0.065100 -0.000000 0.997879 0.000002 0.000000 0.000000 0.000000 1.000000
            0.679122 0.731184 -0.064530 19.061640 -0.727905 0.682181 0.069166 -7.394090 0.094594 -0.000000 0.995516 0.000002 0.000000 0.000000 0.000000 1.000000
            0.677129 0.731184 -0.082863 19.061640 -0.725770 0.682181 0.088815 -7.394090 0.121467 -0.000000 0.992595 0.000002 0.000000 0.000000 0.000000 1.000000
            0.674941 0.731184 -0.099120 19.061640 -0.723424 0.682181 0.106240 -7.394090 0.145298 -0.000000 0.989388 0.000002 0.000000 0.000000 0.000000 1.000000
            0.672753 0.731184 -0.113024 19.061640 -0.721078 0.682181 0.121142 -7.394090 0.165680 -0.000000 0.986180 0.000002 0.000000 0.000000 0.000000 1.000000
            0.670760 0.731184 -0.124304 19.061640 -0.718943 0.682181 0.133233 -7.394090 0.182216 -0.000000 0.983259 0.000002 0.000000 0.000000 0.000000 1.000000
            0.669151 0.731184 -0.132694 19.061640 -0.717218 0.682181 0.142226 -7.394090 0.194515 -0.000000 0.980900 0.000002 0.000000 0.000000 0.000000 1.000000
            0.668091 0.731184 -0.137928 19.061640 -0.716082 0.682181 0.147836 -7.394090 0.202187 -0.000000 0.979347 0.000002 0.000000 0.000000 0.000000 1.000000
            0.667716 0.731184 -0.139734 19.061640 -0.715680 0.682181 0.149772 -7.394090 0.204835 -0.000000 0.978797 0.000002 0.000000 0.000000 0.000000 1.000000
            0.668116 0.731184 -0.137809 19.061640 -0.716109 0.682181 0.147708 -7.394090 0.202012 -0.000000 0.979383 0.000002 0.000000 0.000000 0.000000 1.000000
            0.669230 0.731184 -0.132291 19.061640 -0.717303 0.682181 0.141794 -7.394090 0.193924 -0.000000 0.981017 0.000002 0.000000 0.000000 0.000000 1.000000
            0.670897 0.731184 -0.123565 19.061640 -0.719089 0.682181 0.132441 -7.394090 0.181132 -0.000000 0.983459 0.000002 0.000000 0.000000 0.000000 1.000000
