<?xml version="1.0" encoding="utf-8"?>
<COLLADA xmlns="http://www.collada.org/2005/11/COLLADASchema" version="1.4.1">
  <asset><contributor><author></author><authoring_tool>FBX COLLADA exporter</authoring_tool><comments></comments></contributor><created>2017-08-26T09:21:50Z</created><keywords></keywords><modified>2017-08-26T09:21:50Z</modified><revision></revision><subject></subject><title></title><unit meter="0.025400" name="centimeter"></unit><up_axis>Y_UP</up_axis></asset>
  <library_animations>
    <animation id="R_Bone001-anim" name="R_Bone001"><animation><source id="R_Bone001-Matrix-animation-input"><float_array id="R_Bone001-Matrix-animation-input-array" count="41">

0.000000 0.033333 0.066667 0.100000 0.133333 0.166667 0.200000 0.233333 0.266667 0.300000 0.333333 0.366667 0.400000 0.433333 0.466667 0.500000
0.533333 0.566667 0.600000 0.633333 0.666667 0.700000 0.733333 0.766667 0.800000 0.833333 0.866667 0.900000 0.933333 0.966667 1.000000 1.033333
1.066667 1.100000 1.133333 1.166667 1.200000 1.233333 1.266667 1.300000 1.333333</float_array><technique_common><accessor source="#R_Bone001-Matrix-animation-input-array" count="41"><param name="TIME" type="float"/></accessor></technique_common></source><source id="R_Bone001-Matrix-animation-output-transform"><float_array id="R_Bone001-Matrix-animation-output-transform-array" count="656">

0.000000 0.000000 -0.393701 -0.000000 0.000930 -0.393700 0.000000 8.190150 -0.393700 -0.000930 -0.000000 8.340227 0.000000 0.000000 0.000000 1.000000
-0.006982 -0.024080 -0.392902 -0.457745 0.002043 -0.392960 0.024048 9.310482 -0.393634 -0.001613 0.007094 8.340227 0.000000 0.000000 0.000000 1.000000
-0.013962 -0.062015 -0.388535 -0.588154 0.003156 -0.388785 0.061941 10.686806 -0.393440 -0.000918 0.014285 8.340227 0.000000 0.000000 0.000000 1.000000
-0.006982 -0.093575 -0.382355 -0.221994 0.002043 -0.382419 0.093553 12.718438 -0.393634 -0.000325 0.007268 8.340227 0.000000 0.000000 0.000000 1.000000
0.000000 -0.111108 -0.377697 0.266081 0.000930 -0.377696 0.111108 14.207428 -0.393700 -0.000892 0.000262 8.340227 0.000000 0.000000 0.000000 1.000000
0.000000 -0.104691 -0.379526 0.478888 0.000930 -0.379525 0.104690 14.530438 -0.393700 -0.000897 0.000247 8.340227 0.000000 0.000000 0.000000 1.000000
0.000000 -0.088569 -0.383609 0.640465 0.000930 -0.383608 0.088568 14.696307 -0.393700 -0.000906 0.000209 8.340227 0.000000 0.000000 0.000000 1.000000
0.000000 -0.067478 -0.387875 0.767037 0.000930 -0.387874 0.067478 14.757418 -0.393700 -0.000916 0.000159 8.340227 0.000000 0.000000 0.000000 1.000000
0.000000 -0.046363 -0.390961 0.874828 0.000930 -0.390960 0.046363 14.766148 -0.393700 -0.000924 0.000109 8.340227 0.000000 0.000000 0.000000 1.000000
0.001642 -0.022505 -0.393054 0.975121 0.000958 -0.393056 0.022509 14.277166 -0.393696 -0.001051 -0.001585 8.340227 0.000000 0.000000 0.000000 1.000000
0.005557 0.006310 -0.393611 1.064157 0.001025 -0.393649 -0.006296 13.083581 -0.393660 -0.000936 -0.005572 8.340227 0.000000 0.000000 0.000000 1.000000
0.010227 0.034103 -0.392088 1.135601 0.001105 -0.392221 -0.034086 11.595419 -0.393566 -0.000215 -0.010285 8.340227 0.000000 0.000000 0.000000 1.000000
0.014140 0.054951 -0.389590 1.183114 0.001172 -0.389846 -0.054945 10.222718 -0.393445 0.000814 -0.014165 8.340227 0.000000 0.000000 0.000000 1.000000
0.015781 0.063150 -0.388283 1.200359 0.001200 -0.388601 -0.063153 9.375509 -0.393383 0.001348 -0.015769 8.340227 0.000000 0.000000 0.000000 1.000000
0.015716 0.062584 -0.388377 1.171598 0.001199 -0.388692 -0.062586 8.960044 -0.393385 0.001316 -0.015707 8.340227 0.000000 0.000000 0.000000 1.000000
0.015535 0.060987 -0.388638 1.091533 0.001196 -0.388946 -0.060988 8.604665 -0.393392 0.001226 -0.015533 8.340227 0.000000 0.000000 0.000000 1.000000
0.015260 0.058513 -0.389029 0.969492 0.001191 -0.389327 -0.058511 8.302536 -0.393403 0.001091 -0.015268 8.340227 0.000000 0.000000 0.000000 1.000000
0.014911 0.055312 -0.389511 0.814802 0.001185 -0.389795 -0.055307 8.046819 -0.393417 0.000922 -0.014930 8.340227 0.000000 0.000000 0.000000 1.000000
0.014510 0.051537 -0.390043 0.636793 0.001178 -0.390312 -0.051528 7.830680 -0.393432 0.000732 -0.014539 8.340227 0.000000 0.000000 0.000000 1.000000
0.014077 0.047339 -0.390591 0.444792 0.001171 -0.390844 -0.047328 7.647281 -0.393447 0.000530 -0.014116 8.340227 0.000000 0.000000 0.000000 1.000000
0.013634 0.042874 -0.391122 0.248126 0.001163 -0.391359 -0.042859 7.489787 -0.393463 0.000328 -0.013679 8.340227 0.000000 0.000000 0.000000 1.000000
0.013201 0.038294 -0.391612 0.056125 0.001156 -0.391834 -0.038276 7.351361 -0.393478 0.000133 -0.013250 8.340227 0.000000 0.000000 0.000000 1.000000
0.012799 0.033755 -0.392042 -0.121884 0.001149 -0.392251 -0.033735 7.225169 -0.393491 -0.000048 -0.012850 8.340227 0.000000 0.000000 0.000000 1.000000
0.012450 0.029414 -0.392403 -0.276573 0.001143 -0.392600 -0.029392 7.104372 -0.393502 -0.000210 -0.012501 8.340227 0.000000 0.000000 0.000000 1.000000
0.012175 0.025426 -0.392690 -0.398615 0.001138 -0.392879 -0.025403 6.982136 -0.393511 -0.000350 -0.012223 8.340227 0.000000 0.000000 0.000000 1.000000
0.011994 0.021949 -0.392905 -0.478680 0.001135 -0.393088 -0.021925 6.851624 -0.393516 -0.000465 -0.012039 8.340227 0.000000 0.000000 0.000000 1.000000
0.011929 0.019141 -0.393054 -0.507441 0.001134 -0.393235 -0.019115 6.705999 -0.393518 -0.000553 -0.011970 8.340227 0.000000 0.000000 0.000000 1.000000
0.012007 0.016743 -0.393161 -0.488883 0.001136 -0.393344 -0.016716 6.549684 -0.393516 -0.000624 -0.012045 8.340227 0.000000 0.000000 0.000000 1.000000
0.012225 0.014408 -0.393247 -0.436919 0.001139 -0.393436 -0.014379 6.392935 -0.393509 -0.000692 -0.012258 8.340227 0.000000 0.000000 0.000000 1.000000
0.012559 0.012153 -0.393313 -0.357117 0.001145 -0.393512 -0.012122 6.237677 -0.393499 -0.000757 -0.012589 8.340227 0.000000 0.000000 0.000000 1.000000
0.012987 0.009997 -0.393359 -0.255045 0.001152 -0.393573 -0.009965 6.085833 -0.393485 -0.000823 -0.013012 8.340227 0.000000 0.000000 0.000000 1.000000
0.013485 0.007960 -0.393389 -0.136270 0.001161 -0.393619 -0.007925 5.939324 -0.393468 -0.000888 -0.013506 8.340227 0.000000 0.000000 0.000000 1.000000
0.014029 0.006058 -0.393404 -0.006360 0.001170 -0.393653 -0.006020 5.800074 -0.393449 -0.000955 -0.014046 8.340227 0.000000 0.000000 0.000000 1.000000
0.014597 0.004312 -0.393406 0.129118 0.001180 -0.393676 -0.004271 5.670006 -0.393428 -0.001021 -0.014609 8.340227 0.000000 0.000000 0.000000 1.000000
0.015164 0.002738 -0.393399 0.264596 0.001189 -0.393690 -0.002695 5.551041 -0.393407 -0.001085 -0.015172 8.340227 0.000000 0.000000 0.000000 1.000000
0.015709 0.001357 -0.393385 0.394506 0.001199 -0.393697 -0.001310 5.445104 -0.393385 -0.001146 -0.015713 8.340227 0.000000 0.000000 0.000000 1.000000
0.016206 0.000185 -0.393367 0.513281 0.001207 -0.393699 -0.000135 5.354116 -0.393365 -0.001201 -0.016207 8.340227 0.000000 0.000000 0.000000 1.000000
0.016634 -0.000758 -0.393349 0.615353 0.001215 -0.393698 0.000810 5.280001 -0.393347 -0.001248 -0.016631 8.340227 0.000000 0.000000 0.000000 1.000000
0.016968 -0.001455 -0.393332 0.695155 0.001220 -0.393696 0.001509 5.224681 -0.393333 -0.001284 -0.016963 8.340227 0.000000 0.000000 0.000000 1.000000
0.017186 -0.001886 -0.393321 0.747119 0.001224 -0.393694 0.001942 5.190079 -0.393324 -0.001308 -0.017180 8.340227 0.000000 0.000000 0.000000 1.000000
0.017264 -0.002034 -0.393317 0.765678 0.001225 -0.393693 0.002090 5.178118 -0.393320 -0.001316 -0.017257 8.340227 0.000000 0.000000 0.000000 1.000000</float_array><technique_common><accessor source="#R_Bone001-Matrix-animation-output-transform-array" count="41" stride="16"><param type="float4x4"/></accessor></technique_common></source><source id="R_Bone001-Interpolations"><Name_array id="R_Bone001-Interpolations-array" count="41">
 LINEAR LINEAR LINEAR LINEAR LINEAR LINEAR LINEAR LINEAR LINEAR LINEAR LINEAR
LINEAR LINEAR LINEAR LINEAR LINEAR LINEAR LINEAR LINEAR LINEAR LINEAR LINEAR LINEAR
LINEAR LINEAR LINEAR LINEAR LINEAR LINEAR LINEAR LINEAR LINEAR LINEAR LINEAR LINEAR
LINEAR LINEAR LINEAR LINEAR LINEAR LINEAR</Name_array><technique_common><accessor source="#R_Bone001-Interpolations-array" count="41"><param type="name"/></accessor></technique_common></source><sampler id="R_Bone001-Matrix-animation-transform"><input semantic="INPUT" source="#R_Bone001-Matrix-animation-input"/><input semantic="OUTPUT" source="#R_Bone001-Matrix-animation-output-transform"/><input semantic="INTERPOLATION" source="#R_Bone001-Interpolations"/></sampler><channel source="#R_Bone001-Matrix-animation-transform" target="R_Bone001/matrix"/></animation></animation>
    <animation id="R_Bone003-anim" name="R_Bone003"><animation><source id="R_Bone003-Matrix-animation-input"><float_array id="R_Bone003-Matrix-animation-input-array" count="41">

0.000000 0.033333 0.066667 0.100000 0.133333 0.166667 0.200000 0.233333 0.266667 0.300000 0.333333 0.366667 0.400000 0.433333 0.466667 0.500000
0.533333 0.566667 0.600000 0.633333 0.666667 0.700000 0.733333 0.766667 0.800000 0.833333 0.866667 0.900000 0.933333 0.966667 1.000000 1.033333
1.066667 1.100000 1.133333 1.166667 1.200000 1.233333 1.266667 1.300000 1.333333</float_array><technique_common><accessor source="#R_Bone003-Matrix-animation-input-array" count="41"><param name="TIME" type="float"/></accessor></technique_common></source><source id="R_Bone003-Matrix-animation-output-transform"><float_array id="R_Bone003-Matrix-animation-output-transform-array" count="656">

0.999965 0.004536 0.007020 30.893391 -0.004537 0.999990 0.000042 11.544965 -0.007020 -0.000074 0.999975 -0.000000 0.000000 0.000000 0.000000 1.000000
0.995389 -0.095918 -0.000050 30.893391 0.095774 0.993863 0.055345 11.544965 -0.005259 -0.055095 0.998467 -0.000000 0.000000 0.000000 0.000000 1.000000
0.971438 -0.236406 -0.020495 30.893391 0.237189 0.964829 0.113341 11.544965 -0.007020 -0.114965 0.993345 0.000000 0.000000 0.000000 0.000000 1.000000
0.951707 -0.306448 -0.018537 30.893391 0.306384 0.944192 0.120957 11.544965 -0.019564 -0.120795 0.992485 -0.000000 0.000000 0.000000 0.000000 1.000000
0.942059 -0.335359 -0.007678 30.893391 0.333595 0.934213 0.126338 11.544965 -0.035196 -0.121579 0.991958 0.000000 0.000000 0.000000 0.000000 1.000000
0.952150 -0.305606 0.004010 30.893391 0.302995 0.945572 0.118692 11.544965 -0.040065 -0.111797 0.992923 0.000000 0.000000 0.000000 0.000000 1.000000
0.972224 -0.233096 0.021124 30.893391 0.230115 0.968456 0.095608 11.544965 -0.042743 -0.088092 0.995195 0.000000 0.000000 0.000000 0.000000 1.000000
0.988577 -0.146637 0.034839 30.893391 0.144191 0.987438 0.064613 11.544965 -0.043876 -0.058851 0.997302 -0.000000 0.000000 0.000000 0.000000 1.000000
0.996075 -0.078200 0.041456 30.893391 0.076734 0.996407 0.035855 11.544965 -0.044111 -0.032534 0.998497 0.000000 0.000000 0.000000 0.000000 1.000000
0.998662 -0.028379 0.043238 30.893391 0.028026 0.999569 0.008757 11.544965 -0.043468 -0.007534 0.999026 0.000000 0.000000 0.000000 0.000000 1.000000
0.998913 0.021472 0.041373 30.893391 -0.020579 0.999549 -0.021889 11.544965 -0.041824 0.021014 0.998904 0.000000 0.000000 0.000000 0.000000 1.000000
0.997092 0.067030 0.036249 30.893391 -0.065102 0.996523 -0.051994 11.544965 -0.039608 0.049483 0.997989 -0.000000 0.000000 0.000000 0.000000 1.000000
0.994126 0.104164 0.029395 30.893391 -0.101621 0.991784 -0.077701 11.544965 -0.037247 0.074257 0.996543 0.000000 0.000000 0.000000 0.000000 1.000000
0.991368 0.129052 0.023139 30.893391 -0.126305 0.987385 -0.095490 11.544965 -0.035170 0.091743 0.995161 0.000000 0.000000 0.000000 0.000000 1.000000
0.990217 0.138094 0.019999 30.893391 -0.135378 0.985522 -0.102075 11.544965 -0.033806 0.098369 0.994576 0.000000 0.000000 0.000000 0.000000 1.000000
0.990756 0.134207 0.019786 30.893391 -0.131584 0.986201 -0.100469 11.544965 -0.032997 0.096937 0.994743 0.000000 0.000000 0.000000 0.000000 1.000000
0.992133 0.123473 0.020660 30.893391 -0.120953 0.987983 -0.096229 11.544965 -0.032294 0.092973 0.995145 0.000000 0.000000 0.000000 0.000000 1.000000
0.994008 0.107015 0.022283 30.893391 -0.104617 0.990446 -0.089849 11.544965 -0.031685 0.086980 0.995706 0.000000 0.000000 0.000000 0.000000 1.000000
0.996003 0.085954 0.024293 30.893391 -0.083710 0.993125 -0.081824 11.544965 -0.031159 0.079463 0.996351 0.000000 0.000000 0.000000 0.000000 1.000000
0.997763 0.061428 0.026358 30.893391 -0.059374 0.995588 -0.072656 11.544965 -0.030705 0.070928 0.997009 -0.000000 0.000000 0.000000 0.000000 1.000000
0.999003 0.034596 0.028205 30.893391 -0.032769 0.997484 -0.062867 11.544965 -0.030309 0.061880 0.997623 -0.000000 0.000000 0.000000 0.000000 1.000000
0.999538 0.006645 0.029651 30.893391 -0.005066 0.998582 -0.053002 11.544965 -0.029961 0.052827 0.998154 0.000000 0.000000 0.000000 0.000000 1.000000
0.999306 -0.021228 0.030612 30.893391 0.022553 0.998794 -0.043617 11.544965 -0.029649 0.044277 0.998579 -0.000000 0.000000 0.000000 0.000000 1.000000
0.998372 -0.047818 0.031104 30.893391 0.048908 0.998180 -0.035275 11.544965 -0.029361 0.036739 0.998893 -0.000000 0.000000 0.000000 0.000000 1.000000
0.996921 -0.071929 0.031233 30.893391 0.072824 0.996936 -0.028537 11.544965 -0.029085 0.030724 0.999105 0.000000 0.000000 0.000000 0.000000 1.000000
0.995236 -0.092378 0.031167 30.893391 0.093140 0.995365 -0.023951 11.544965 -0.028810 0.026740 0.999227 -0.000000 0.000000 0.000000 0.000000 1.000000
0.993664 -0.108000 0.031098 30.893391 0.108708 0.993829 -0.022058 11.544965 -0.028524 0.025299 0.999273 -0.000000 0.000000 0.000000 0.000000 1.000000
0.992244 -0.120358 0.031087 30.893391 0.121059 0.992407 -0.021740 11.544965 -0.028234 0.025335 0.999280 -0.000000 0.000000 0.000000 0.000000 1.000000
0.990791 -0.131785 0.031074 30.893391 0.132482 0.990952 -0.021517 11.544965 -0.027957 0.025436 0.999285 -0.000000 0.000000 0.000000 0.000000 1.000000
0.989338 -0.142286 0.031061 30.893391 0.142979 0.989495 -0.021378 11.544965 -0.027693 0.025592 0.999289 -0.000000 0.000000 0.000000 0.000000 1.000000
0.987914 -0.151861 0.031052 30.893391 0.152554 0.988065 -0.021310 11.544965 -0.027445 0.025790 0.999291 0.000000 0.000000 0.000000 0.000000 1.000000
0.986545 -0.160515 0.031046 30.893391 0.161209 0.986690 -0.021302 11.544965 -0.027214 0.026020 0.999291 -0.000000 0.000000 0.000000 0.000000 1.000000
0.985256 -0.168249 0.031044 30.893391 0.168945 0.985394 -0.021343 11.544965 -0.027000 0.026273 0.999290 0.000000 0.000000 0.000000 0.000000 1.000000
0.984067 -0.175067 0.031047 30.893391 0.175766 0.984199 -0.021420 11.544965 -0.026806 0.026536 0.999288 -0.000000 0.000000 0.000000 0.000000 1.000000
0.982998 -0.180971 0.031053 30.893391 0.181674 0.983123 -0.021523 11.544965 -0.026634 0.026799 0.999286 0.000000 0.000000 0.000000 0.000000 1.000000
0.982066 -0.185963 0.031062 30.893391 0.186670 0.982184 -0.021641 11.544965 -0.026484 0.027051 0.999283 -0.000000 0.000000 0.000000 0.000000 1.000000
0.981283 -0.190046 0.031072 30.893391 0.190757 0.981396 -0.021762 11.544965 -0.026358 0.027282 0.999280 0.000000 0.000000 0.000000 0.000000 1.000000
0.980663 -0.193220 0.031082 30.893391 0.193935 0.980770 -0.021876 11.544965 -0.026257 0.027480 0.999277 -0.000000 0.000000 0.000000 0.000000 1.000000
0.980213 -0.195487 0.031090 30.893391 0.196205 0.980317 -0.021969 11.544965 -0.026184 0.027635 0.999275 0.000000 0.000000 0.000000 0.000000 1.000000
0.979941 -0.196848 0.031096 30.893391 0.197567 0.980042 -0.022034 11.544965 -0.026138 0.027736 0.999273 -0.000000 0.000000 0.000000 0.000000 1.000000
0.979850 -0.197301 0.031099 30.893391 0.198021 0.979949 -0.022059 11.544965 -0.026123 0.027772 0.999273 0.000000 0.000000 0.000000 0.000000 1.000000</float_array><technique_common><accessor source="#R_Bone003-Matrix-animation-output-transform-array" count="41" stride="16"><param type="float4x4"/></accessor></technique_common></source><source id="R_Bone003-Interpolations"><Name_array id="R_Bone003-Interpolations-array" count="41">
 LINEAR LINEAR LINEAR LINEAR LINEAR LINEAR LINEAR LINEAR LINEAR LINEAR LINEAR
LINEAR LINEAR LINEAR LINEAR LINEAR LINEAR LINEAR LINEAR LINEAR LINEAR LINEAR LINEAR
LINEAR LINEAR LINEAR LINEAR LINEAR LINEAR LINEAR LINEAR LINEAR LINEAR LINEAR LINEAR
LINEAR LINEAR LINEAR LINEAR LINEAR LINEAR</Name_array><technique_common><accessor source="#R_Bone003-Interpolations-array" count="41"><param type="name"/></accessor></technique_common></source><sampler id="R_Bone003-Matrix-animation-transform"><input semantic="INPUT" source="#R_Bone003-Matrix-animation-input"/><input semantic="OUTPUT" source="#R_Bone003-Matrix-animation-output-transform"/><input semantic="INTERPOLATION" source="#R_Bone003-Interpolations"/></sampler><channel source="#R_Bone003-Matrix-animation-transform" target="R_Bone003/matrix"/></animation></animation>
    <animation id="R_Bone004-anim" name="R_Bone004"><animation><source id="R_Bone004-Matrix-animation-input"><float_array id="R_Bone004-Matrix-animation-input-array" count="41">

0.000000 0.033333 0.066667 0.100000 0.133333 0.166667 0.200000 0.233333 0.266667 0.300000 0.333333 0.366667 0.400000 0.433333 0.466667 0.500000
0.533333 0.566667 0.600000 0.633333 0.666667 0.700000 0.733333 0.766667 0.800000 0.833333 0.866667 0.900000 0.933333 0.966667 1.000000 1.033333
1.066667 1.100000 1.133333 1.166667 1.200000 1.233333 1.266667 1.300000 1.333333</float_array><technique_common><accessor source="#R_Bone004-Matrix-animation-input-array" count="41"><param name="TIME" type="float"/></accessor></technique_common></source><source id="R_Bone004-Matrix-animation-output-transform"><float_array id="R_Bone004-Matrix-animation-output-transform-array" count="656">

0.764238 -0.367406 0.530051 18.637814 0.375881 0.921593 0.096851 -0.000079 -0.524074 0.125219 0.842417 0.000000 0.000000 0.000000 0.000000 1.000000
0.940326 -0.092616 0.327429 18.637814 0.101233 0.994819 -0.009332 -0.000079 -0.324868 0.041921 0.944830 0.000000 0.000000 0.000000 0.000000 1.000000
0.966794 0.068414 0.246228 18.637814 -0.065123 0.997646 -0.021495 -0.000079 -0.247119 0.004746 0.968973 0.000000 0.000000 0.000000 0.000000 1.000000
0.949739 -0.142341 0.278811 18.637814 0.137207 0.989815 0.037947 -0.000079 -0.281372 0.002215 0.959596 0.000000 0.000000 0.000000 0.000000 1.000000
0.941679 -0.218146 0.256229 18.637814 0.215155 0.975760 0.040008 -0.000079 -0.258745 0.017454 0.965788 0.000000 0.000000 0.000000 0.000000 1.000000
0.967730 -0.225029 0.113405 18.637814 0.224805 0.974289 0.014928 -0.000079 -0.113849 0.011047 0.993437 0.000000 0.000000 0.000000 0.000000 1.000000
0.954164 -0.299135 0.009440 18.637814 0.299101 0.954209 0.004814 -0.000079 -0.010448 -0.001770 0.999944 0.000000 0.000000 0.000000 0.000000 1.000000
0.936827 -0.346271 -0.049515 18.637814 0.346423 0.938061 -0.005763 -0.000079 0.048444 -0.011754 0.998757 0.000000 0.000000 0.000000 0.000000 1.000000
0.943090 -0.323975 -0.074978 18.637814 0.324045 0.945971 -0.011576 -0.000079 0.074677 -0.013379 0.997118 0.000000 0.000000 0.000000 0.000000 1.000000
0.971920 -0.197347 -0.128164 18.637814 0.197175 0.980266 -0.014157 -0.000079 0.128428 -0.011512 0.991652 -0.000000 0.000000 0.000000 0.000000 1.000000
0.980854 -0.010690 -0.194450 18.637814 0.010197 0.999942 -0.003533 -0.000079 0.194477 0.001482 0.980906 0.000000 0.000000 0.000000 0.000000 1.000000
0.965974 0.140897 -0.216892 18.637814 -0.141433 0.989861 0.013129 -0.000079 0.216543 0.017994 0.976107 0.000000 0.000000 0.000000 0.000000 1.000000
0.958477 0.206395 -0.196784 18.637814 -0.206523 0.978235 0.020102 -0.000079 0.196650 0.021373 0.980241 0.000000 0.000000 0.000000 0.000000 1.000000
0.973530 0.173926 -0.148286 18.637814 -0.173466 0.984708 0.016126 -0.000079 0.148823 0.010023 0.988813 0.000000 0.000000 0.000000 0.000000 1.000000
0.986848 0.124148 -0.103529 18.637814 -0.123814 0.992258 0.009674 -0.000079 0.103929 0.003271 0.994579 0.000000 0.000000 0.000000 0.000000 1.000000
0.989202 0.119634 -0.084659 18.637814 -0.119505 0.992812 0.006606 -0.000079 0.084841 0.003583 0.996388 -0.000000 0.000000 0.000000 0.000000 1.000000
0.988735 0.127881 -0.077772 18.637814 -0.127830 0.991780 0.005663 -0.000079 0.077857 0.004343 0.996955 0.000000 0.000000 0.000000 0.000000 1.000000
0.987004 0.141372 -0.076401 18.637814 -0.141361 0.989942 0.005581 -0.000079 0.076421 0.005291 0.997062 -0.000000 0.000000 0.000000 0.000000 1.000000
0.984770 0.155923 -0.076911 18.637814 -0.155937 0.987750 0.005861 -0.000079 0.076883 0.006221 0.997021 0.000000 0.000000 0.000000 0.000000 1.000000
0.982541 0.169200 -0.077356 18.637814 -0.169230 0.985557 0.006208 -0.000079 0.077289 0.006991 0.996984 0.000000 0.000000 0.000000 0.000000 1.000000
0.980686 0.179897 -0.076756 18.637814 -0.179937 0.983657 0.006458 -0.000079 0.076664 0.007478 0.997029 0.000000 0.000000 0.000000 0.000000 1.000000
0.979461 0.187287 -0.074693 18.637814 -0.187327 0.982276 0.006531 -0.000079 0.074593 0.007595 0.997185 0.000000 0.000000 0.000000 0.000000 1.000000
0.979023 0.190957 -0.071058 18.637814 -0.190992 0.981571 0.006368 -0.000079 0.070964 0.007337 0.997452 0.000000 0.000000 0.000000 0.000000 1.000000
0.979442 0.190664 -0.065889 18.637814 -0.190688 0.981632 0.005985 -0.000079 0.065820 0.006702 0.997809 0.000000 0.000000 0.000000 0.000000 1.000000
0.980713 0.186249 -0.059280 18.637814 -0.186257 0.982486 0.005430 -0.000079 0.059253 0.005716 0.998227 -0.000000 0.000000 0.000000 0.000000 1.000000
0.982767 0.177583 -0.051316 18.637814 -0.177576 0.984096 0.004734 -0.000079 0.051340 0.004460 0.998671 0.000000 0.000000 0.000000 0.000000 1.000000
0.985471 0.164563 -0.042013 18.637814 -0.164540 0.986362 0.004032 -0.000079 0.042104 0.002939 0.999109 0.000000 0.000000 0.000000 0.000000 1.000000
0.987737 0.152623 -0.032880 18.637814 -0.152605 0.988282 0.003071 -0.000079 0.032963 0.001984 0.999455 0.000000 0.000000 0.000000 0.000000 1.000000
0.989082 0.145214 -0.025111 18.637814 -0.145203 0.989399 0.002244 -0.000079 0.025170 0.001427 0.999682 0.000000 0.000000 0.000000 0.000000 1.000000
0.989987 0.139956 -0.018392 18.637814 -0.139949 0.990157 0.001652 -0.000079 0.018442 0.000939 0.999829 0.000000 0.000000 0.000000 0.000000 1.000000
0.990695 0.135519 -0.012573 18.637814 -0.135514 0.990775 0.001236 -0.000079 0.012625 0.000479 0.999920 0.000000 0.000000 0.000000 0.000000 1.000000
0.991332 0.131156 -0.007611 18.637814 -0.131155 0.991362 0.000653 -0.000079 0.007631 0.000351 0.999971 0.000000 0.000000 0.000000 0.000000 1.000000
0.991966 0.126457 -0.003408 18.637814 -0.126457 0.991972 0.000290 -0.000079 0.003417 0.000143 0.999994 -0.000000 0.000000 0.000000 0.000000 1.000000
0.992630 0.121187 0.000047 18.637814 -0.121187 0.992630 0.000039 -0.000079 -0.000042 -0.000044 1.000000 0.000000 0.000000 0.000000 0.000000 1.000000
0.993337 0.115215 0.002764 18.637814 -0.115215 0.993341 -0.000117 -0.000079 -0.002759 -0.000202 0.999996 0.000000 0.000000 0.000000 0.000000 1.000000
0.994089 0.108467 0.004745 18.637814 -0.108467 0.994100 -0.000194 -0.000079 -0.004738 -0.000322 0.999989 0.000000 0.000000 0.000000 0.000000 1.000000
0.994879 0.100897 0.005993 18.637814 -0.100897 0.994897 -0.000213 -0.000079 -0.005984 -0.000393 0.999982 0.000000 0.000000 0.000000 0.000000 1.000000
0.995693 0.092485 0.006484 18.637814 -0.092485 0.995714 -0.000420 -0.000079 -0.006495 -0.000181 0.999979 0.000000 0.000000 0.000000 0.000000 1.000000
0.996512 0.083218 0.006262 18.637814 -0.083217 0.996531 -0.000398 -0.000079 -0.006273 -0.000124 0.999980 -0.000000 0.000000 0.000000 0.000000 1.000000
0.997311 0.073087 0.005316 18.637814 -0.073087 0.997326 -0.000174 -0.000079 -0.005315 -0.000215 0.999986 0.000000 0.000000 0.000000 0.000000 1.000000
0.998064 0.062093 0.003615 18.637814 -0.062093 0.998070 -0.000231 -0.000079 -0.003622 0.000006 0.999993 -0.000000 0.000000 0.000000 0.000000 1.000000</float_array><technique_common><accessor source="#R_Bone004-Matrix-animation-output-transform-array" count="41" stride="16"><param type="float4x4"/></accessor></technique_common></source><source id="R_Bone004-Interpolations"><Name_array id="R_Bone004-Interpolations-array" count="41">
 LINEAR LINEAR LINEAR LINEAR LINEAR LINEAR LINEAR LINEAR LINEAR LINEAR LINEAR
LINEAR LINEAR LINEAR LINEAR LINEAR LINEAR LINEAR LINEAR LINEAR LINEAR LINEAR LINEAR
LINEAR LINEAR LINEAR LINEAR LINEAR LINEAR LINEAR LINEAR LINEAR LINEAR LINEAR LINEAR
LINEAR LINEAR LINEAR LINEAR LINEAR LINEAR</Name_array><technique_common><accessor source="#R_Bone004-Interpolations-array" count="41"><param type="name"/></accessor></technique_common></source><sampler id="R_Bone004-Matrix-animation-transform"><input semantic="INPUT" source="#R_Bone004-Matrix-animation-input"/><input semantic="OUTPUT" source="#R_Bone004-Matrix-animation-output-transform"/><input semantic="INTERPOLATION" source="#R_Bone004-Interpolations"/></sampler><channel source="#R_Bone004-Matrix-animation-transform" target="R_Bone004/matrix"/></animation></animation>
    <animation id="R_Bone005-anim" name="R_Bone005"><animation><source id="R_Bone005-Matrix-animation-input"><float_array id="R_Bone005-Matrix-animation-input-array" count="41">

0.000000 0.033333 0.066667 0.100000 0.133333 0.166667 0.200000 0.233333 0.266667 0.300000 0.333333 0.366667 0.400000 0.433333 0.466667 0.500000
0.533333 0.566667 0.600000 0.633333 0.666667 0.700000 0.733333 0.766667 0.800000 0.833333 0.866667 0.900000 0.933333 0.966667 1.000000 1.033333
1.066667 1.100000 1.133333 1.166667 1.200000 1.233333 1.266667 1.300000 1.333333</float_array><technique_common><accessor source="#R_Bone005-Matrix-animation-input-array" count="41"><param name="TIME" type="float"/></accessor></technique_common></source><source id="R_Bone005-Matrix-animation-output-transform"><float_array id="R_Bone005-Matrix-animation-output-transform-array" count="656">

0.967320 0.093327 -0.235759 7.044018 -0.088521 0.995595 0.030910 0.000003 0.237605 -0.009031 0.971320 0.000000 0.000000 0.000000 0.000000 1.000000
0.982338 -0.163311 0.091333 7.044018 0.165448 0.986084 -0.016280 0.000003 -0.087403 0.031103 0.995687 0.000000 0.000000 0.000000 0.000000 1.000000
0.980403 -0.126038 0.151411 7.044018 0.132326 0.990685 -0.032152 0.000003 -0.145948 0.051557 0.987948 0.000000 0.000000 0.000000 0.000000 1.000000
0.989571 0.085748 0.115742 7.044018 -0.084467 0.996299 -0.015943 0.000003 -0.116681 0.006001 0.993151 0.000000 0.000000 0.000000 0.000000 1.000000
0.989127 0.052748 0.137277 7.044018 -0.056569 0.998108 0.024085 0.000003 -0.135747 -0.031588 0.990240 0.000000 0.000000 0.000000 0.000000 1.000000
0.979912 -0.055600 0.191521 7.044018 0.051785 0.998349 0.024869 0.000003 -0.192587 -0.014452 0.981173 0.000000 0.000000 0.000000 0.000000 1.000000
0.979837 -0.104915 0.170037 7.044018 0.103581 0.994480 0.016718 0.000003 -0.170853 0.001232 0.985296 0.000000 0.000000 0.000000 0.000000 1.000000
0.978295 -0.170280 0.118082 7.044018 0.169866 0.985373 0.013639 0.000003 -0.118678 0.006715 0.992910 0.000000 0.000000 0.000000 0.000000 1.000000
0.968800 -0.239083 0.065310 7.044018 0.239166 0.970956 0.006657 0.000003 -0.065005 0.009170 0.997843 -0.000000 0.000000 0.000000 0.000000 1.000000
0.944720 -0.324202 0.048952 7.044018 0.325132 0.945590 -0.012184 0.000003 -0.042338 0.027426 0.998727 -0.000000 0.000000 0.000000 0.000000 1.000000
0.923230 -0.382408 0.037563 7.044018 0.383711 0.922692 -0.037489 0.000003 -0.020323 0.049024 0.998591 -0.000000 0.000000 0.000000 0.000000 1.000000
0.933304 -0.359074 -0.003139 7.044018 0.358343 0.931894 -0.056254 0.000003 0.023125 0.051378 0.998412 0.000000 0.000000 0.000000 0.000000 1.000000
0.962072 -0.267752 -0.052210 7.044018 0.264949 0.962700 -0.054871 0.000003 0.064954 0.038957 0.997128 0.000000 0.000000 0.000000 0.000000 1.000000
0.984853 -0.146065 -0.093427 7.044018 0.143688 0.989115 -0.031719 0.000003 0.097043 0.017815 0.995121 0.000000 0.000000 0.000000 0.000000 1.000000
0.992422 -0.066447 -0.103361 7.044018 0.065715 0.997783 -0.010474 0.000003 0.103828 0.003602 0.994589 0.000000 0.000000 0.000000 0.000000 1.000000
0.995227 -0.046024 -0.086057 7.044018 0.045676 0.998938 -0.006014 0.000003 0.086243 0.002054 0.996272 0.000000 0.000000 0.000000 0.000000 1.000000
0.997040 -0.037883 -0.066911 7.044018 0.037572 0.999277 -0.005897 0.000003 0.067086 0.003365 0.997742 0.000000 0.000000 0.000000 0.000000 1.000000
0.998167 -0.030739 -0.052123 7.044018 0.030421 0.999514 -0.006873 0.000003 0.052309 0.005275 0.998617 0.000000 0.000000 0.000000 0.000000 1.000000
0.998858 -0.021918 -0.042459 7.044018 0.021598 0.999735 -0.007973 0.000003 0.042622 0.007047 0.999066 0.000000 0.000000 0.000000 0.000000 1.000000
0.999248 -0.011519 -0.037016 7.044018 0.011199 0.999898 -0.008831 0.000003 0.037113 0.008410 0.999276 0.000000 0.000000 0.000000 0.000000 1.000000
0.999408 -0.000250 -0.034395 7.044018 -0.000070 0.999957 -0.009300 0.000003 0.034396 0.009297 0.999365 0.000000 0.000000 0.000000 0.000000 1.000000
0.999389 0.010291 -0.033414 7.044018 -0.010610 0.999900 -0.009392 0.000003 0.033314 0.009740 0.999397 0.000000 0.000000 0.000000 0.000000 1.000000
0.999259 0.019295 -0.033290 7.044018 -0.019607 0.999767 -0.009065 0.000003 0.033107 0.009711 0.999405 0.000000 0.000000 0.000000 0.000000 1.000000
0.999097 0.026160 -0.033466 7.044018 -0.026454 0.999615 -0.008365 0.000003 0.033234 0.009243 0.999405 -0.000000 0.000000 0.000000 0.000000 1.000000
0.998975 0.030321 -0.033620 7.044018 -0.030583 0.999506 -0.007304 0.000003 0.033382 0.008324 0.999408 0.000000 0.000000 0.000000 0.000000 1.000000
0.998927 0.031853 -0.033616 7.044018 -0.032066 0.999469 -0.005804 0.000003 0.033413 0.006876 0.999418 -0.000000 0.000000 0.000000 0.000000 1.000000
0.998976 0.030507 -0.033405 7.044018 -0.030654 0.999523 -0.003883 0.000003 0.033271 0.004903 0.999434 0.000000 0.000000 0.000000 0.000000 1.000000
0.999181 0.024847 -0.031923 7.044018 -0.024927 0.999687 -0.002109 0.000003 0.031861 0.002903 0.999488 0.000000 0.000000 0.000000 0.000000 1.000000
0.999443 0.016577 -0.028973 7.044018 -0.016619 0.999861 -0.001225 0.000003 0.028949 0.001706 0.999579 0.000000 0.000000 0.000000 0.000000 1.000000
0.999633 0.008921 -0.025566 7.044018 -0.008945 0.999960 -0.000813 0.000003 0.025557 0.001042 0.999673 0.000000 0.000000 0.000000 0.000000 1.000000
0.999752 0.002708 -0.022118 7.044018 -0.002724 0.999996 -0.000680 0.000003 0.022116 0.000740 0.999755 0.000000 0.000000 0.000000 0.000000 1.000000
0.999821 -0.002137 -0.018802 7.044018 0.002132 0.999998 -0.000263 0.000003 0.018803 0.000223 0.999823 -0.000000 0.000000 0.000000 0.000000 1.000000
0.999859 -0.005965 -0.015676 7.044018 0.005963 0.999982 -0.000220 0.000003 0.015677 0.000127 0.999877 0.000000 0.000000 0.000000 0.000000 1.000000
0.999877 -0.009133 -0.012761 7.044018 0.009133 0.999958 -0.000107 0.000003 0.012762 -0.000010 0.999919 0.000000 0.000000 0.000000 0.000000 1.000000
0.999878 -0.011938 -0.010066 7.044018 0.011940 0.999929 0.000071 0.000003 0.010065 -0.000191 0.999949 0.000000 0.000000 0.000000 0.000000 1.000000
0.999865 -0.014606 -0.007580 7.044018 0.014608 0.999893 0.000133 0.000003 0.007577 -0.000244 0.999971 0.000000 0.000000 0.000000 0.000000 1.000000
0.999837 -0.017252 -0.005300 7.044018 0.017254 0.999851 0.000182 0.000003 0.005296 -0.000273 0.999986 0.000000 0.000000 0.000000 0.000000 1.000000
0.999795 -0.019975 -0.003218 7.044018 0.019977 0.999800 0.000333 0.000003 0.003211 -0.000397 0.999995 0.000000 0.000000 0.000000 0.000000 1.000000
0.999737 -0.022882 -0.001312 7.044018 0.022883 0.999738 0.000296 0.000003 0.001305 -0.000326 0.999999 0.000000 0.000000 0.000000 0.000000 1.000000
0.999661 -0.026046 0.000403 7.044018 0.026046 0.999661 0.000183 0.000003 -0.000408 -0.000172 1.000000 -0.000000 0.000000 0.000000 0.000000 1.000000
0.999553 -0.029831 0.001863 7.044018 0.029830 0.999555 0.000293 0.000003 -0.001871 -0.000237 0.999998 0.000000 0.000000 0.000000 0.000000 1.000000</float_array><technique_common><accessor source="#R_Bone005-Matrix-animation-output-transform-array" count="41" stride="16"><param type="float4x4"/></accessor></technique_common></source><source id="R_Bone005-Interpolations"><Name_array id="R_Bone005-Interpolations-array" count="41">
 LINEAR LINEAR LINEAR LINEAR LINEAR LINEAR LINEAR LINEAR LINEAR LINEAR LINEAR
LINEAR LINEAR LINEAR LINEAR LINEAR LINEAR LINEAR LINEAR LINEAR LINEAR LINEAR LINEAR
LINEAR LINEAR LINEAR LINEAR LINEAR LINEAR LINEAR LINEAR LINEAR LINEAR LINEAR LINEAR
LINEAR LINEAR LINEAR LINEAR LINEAR LINEAR</Name_array><technique_common><accessor source="#R_Bone005-Interpolations-array" count="41"><param type="name"/></accessor></technique_common></source><sampler id="R_Bone005-Matrix-animation-transform"><input semantic="INPUT" source="#R_Bone005-Matrix-animation-input"/><input semantic="OUTPUT" source="#R_Bone005-Matrix-animation-output-transform"/><input semantic="INTERPOLATION" source="#R_Bone005-Interpolations"/></sampler><channel source="#R_Bone005-Matrix-animation-transform" target="R_Bone005/matrix"/></animation></animation>
    <animation id="R_Bone013-anim" name="R_Bone013"><animation><source id="R_Bone013-Matrix-animation-input"><float_array id="R_Bone013-Matrix-animation-input-array" count="41">

0.000000 0.033333 0.066667 0.100000 0.133333 0.166667 0.200000 0.233333 0.266667 0.300000 0.333333 0.366667 0.400000 0.433333 0.466667 0.500000
0.533333 0.566667 0.600000 0.633333 0.666667 0.700000 0.733333 0.766667 0.800000 0.833333 0.866667 0.900000 0.933333 0.966667 1.000000 1.033333
1.066667 1.100000 1.133333 1.166667 1.200000 1.233333 1.266667 1.300000 1.333333</float_array><technique_common><accessor source="#R_Bone013-Matrix-animation-input-array" count="41"><param name="TIME" type="float"/></accessor></technique_common></source><source id="R_Bone013-Matrix-animation-output-transform"><float_array id="R_Bone013-Matrix-animation-output-transform-array" count="656">

0.674561 0.720787 0.159477 19.061640 -0.717702 0.690905 -0.086914 -7.394090 -0.172830 -0.055828 0.983368 0.000002 0.000000 0.000000 0.000000 1.000000
0.713896 0.694511 0.089480 19.061640 -0.693766 0.718837 -0.044297 -7.394090 -0.095086 -0.030455 0.995003 0.000002 0.000000 0.000000 0.000000 1.000000
0.759701 0.648894 0.042315 19.061640 -0.649712 0.760139 0.007983 -7.394090 -0.026985 -0.033557 0.999072 0.000002 0.000000 0.000000 0.000000 1.000000
0.835932 0.548832 -0.001286 19.061640 -0.546395 0.832437 0.092201 -7.394090 0.051673 -0.076371 0.995740 0.000002 0.000000 0.000000 0.000000 1.000000
0.850690 0.525624 -0.006717 19.061640 -0.522623 0.847068 0.096647 -7.394090 0.056490 -0.078706 0.995296 0.000002 0.000000 0.000000 0.000000 1.000000
0.798428 0.602078 0.003962 19.061640 -0.601761 0.797755 0.038340 -7.394090 0.019923 -0.032996 0.999257 0.000002 0.000000 0.000000 0.000000 1.000000
0.757625 0.652622 0.009425 19.061640 -0.652652 0.757658 0.000081 -7.394090 -0.007088 -0.006213 0.999956 0.000002 0.000000 0.000000 0.000000 1.000000
0.728225 0.685214 0.013061 19.061640 -0.684813 0.728281 -0.025246 -7.394090 -0.026811 0.009440 0.999596 0.000002 0.000000 0.000000 0.000000 1.000000
0.708776 0.705255 0.015873 19.061640 -0.704279 0.708724 -0.041253 -7.394090 -0.040343 0.018060 0.999023 0.000002 0.000000 0.000000 0.000000 1.000000
0.676028 0.736814 0.009510 19.061640 -0.735577 0.675547 -0.050622 -7.394090 -0.043723 0.027226 0.998673 0.000002 0.000000 0.000000 0.000000 1.000000
0.631504 0.775372 -0.001301 19.061640 -0.774166 0.630426 -0.056839 -7.394090 -0.043252 0.036901 0.998383 0.000002 0.000000 0.000000 0.000000 1.000000
0.599129 0.800625 -0.006686 19.061640 -0.799435 0.597736 -0.060126 -7.394090 -0.044142 0.041368 0.998168 0.000002 0.000000 0.000000 0.000000 1.000000
0.589305 0.807884 -0.006606 19.061640 -0.806844 0.588087 -0.056180 -7.394090 -0.041502 0.038437 0.998399 0.000002 0.000000 0.000000 0.000000 1.000000
0.607078 0.794627 -0.004996 19.061640 -0.794169 0.606487 -0.038345 -7.394090 -0.027441 0.027246 0.999252 0.000002 0.000000 0.000000 0.000000 1.000000
0.633417 0.773785 -0.006297 19.061640 -0.773760 0.633261 -0.016599 -7.394090 -0.008856 0.015387 0.999842 0.000002 0.000000 0.000000 0.000000 1.000000
0.649103 0.760640 -0.009614 19.061640 -0.760690 0.649110 -0.002755 -7.394090 0.004145 0.009101 0.999950 0.000002 0.000000 0.000000 0.000000 1.000000
0.658972 0.752051 -0.013212 19.061640 -0.752045 0.659080 0.006451 -7.394090 0.013560 0.005685 0.999892 0.000002 0.000000 0.000000 0.000000 1.000000
0.665526 0.746194 -0.016431 19.061640 -0.746093 0.665718 0.012789 -7.394090 0.020482 0.003748 0.999783 0.000002 0.000000 0.000000 0.000000 1.000000
0.670081 0.742044 -0.019011 19.061640 -0.741850 0.670346 0.017193 -7.394090 0.025502 0.002583 0.999671 0.000002 0.000000 0.000000 0.000000 1.000000
0.673347 0.739033 -0.020863 19.061640 -0.738760 0.673667 0.020138 -7.394090 0.028937 0.001853 0.999580 0.000002 0.000000 0.000000 0.000000 1.000000
0.675702 0.736848 -0.021954 19.061640 -0.736525 0.676057 0.021874 -7.394090 0.030960 0.001389 0.999520 0.000002 0.000000 0.000000 0.000000 1.000000
0.677354 0.735321 -0.022249 19.061640 -0.734976 0.677718 0.022554 -7.394090 0.031663 0.001075 0.999498 0.000002 0.000000 0.000000 0.000000 1.000000
0.678414 0.734357 -0.021786 19.061640 -0.734022 0.678763 0.022203 -7.394090 0.031092 0.000928 0.999516 0.000002 0.000000 0.000000 0.000000 1.000000
0.678939 0.733908 -0.020535 19.061640 -0.733611 0.679248 0.020885 -7.394090 0.029276 0.000885 0.999571 0.000002 0.000000 0.000000 0.000000 1.000000
0.678957 0.733944 -0.018534 19.061640 -0.733709 0.679209 0.018588 -7.394090 0.026231 0.000978 0.999655 0.000002 0.000000 0.000000 0.000000 1.000000
0.678481 0.734449 -0.015755 19.061640 -0.734289 0.678663 0.015365 -7.394090 0.021977 0.001144 0.999758 0.000002 0.000000 0.000000 0.000000 1.000000
0.677515 0.735408 -0.012222 19.061640 -0.735323 0.677624 0.011211 -7.394090 0.016526 0.001392 0.999862 0.000002 0.000000 0.000000 0.000000 1.000000
0.676360 0.736520 -0.008671 19.061640 -0.736488 0.676414 0.007019 -7.394090 0.011035 0.001639 0.999938 0.000002 0.000000 0.000000 0.000000 1.000000
0.675367 0.737459 -0.005693 19.061640 -0.737453 0.675389 0.003592 -7.394090 0.006494 0.001773 0.999977 0.000002 0.000000 0.000000 0.000000 1.000000
0.674559 0.738214 -0.003189 19.061640 -0.738216 0.674564 0.000757 -7.394090 0.002710 0.001843 0.999995 0.000002 0.000000 0.000000 0.000000 1.000000
0.673949 0.738777 -0.001092 19.061640 -0.738777 0.673948 -0.001586 -7.394090 -0.000436 0.001875 0.999998 0.000002 0.000000 0.000000 0.000000 1.000000
0.673546 0.739145 0.000644 19.061640 -0.739139 0.673544 -0.003489 -7.394090 -0.003013 0.001874 0.999994 0.000002 0.000000 0.000000 0.000000 1.000000
0.673357 0.739315 0.002052 19.061640 -0.739301 0.673357 -0.004971 -7.394090 -0.005057 0.001831 0.999986 0.000002 0.000000 0.000000 0.000000 1.000000
0.673375 0.739294 0.003142 19.061640 -0.739272 0.673380 -0.006060 -7.394090 -0.006596 0.001758 0.999977 0.000002 0.000000 0.000000 0.000000 1.000000
0.673604 0.739082 0.003919 19.061640 -0.739053 0.673614 -0.006762 -7.394090 -0.007638 0.001659 0.999969 0.000002 0.000000 0.000000 0.000000 1.000000
0.674047 0.738675 0.004390 19.061640 -0.738643 0.674060 -0.007084 -7.394090 -0.008192 0.001533 0.999965 0.000002 0.000000 0.000000 0.000000 1.000000
0.674697 0.738081 0.004559 19.061640 -0.738049 0.674711 -0.007030 -7.394090 -0.008265 0.001378 0.999965 0.000002 0.000000 0.000000 0.000000 1.000000
0.675556 0.737296 0.004436 19.061640 -0.737267 0.675569 -0.006591 -7.394090 -0.007856 0.001182 0.999968 0.000002 0.000000 0.000000 0.000000 1.000000
0.676626 0.736316 0.003995 19.061640 -0.736294 0.676637 -0.005785 -7.394090 -0.006963 0.000973 0.999975 0.000002 0.000000 0.000000 0.000000 1.000000
0.677903 0.735144 0.003242 19.061640 -0.735130 0.677910 -0.004607 -7.394090 -0.005584 0.000740 0.999984 0.000002 0.000000 0.000000 0.000000 1.000000
